WSM(3, 0, 6, 7, 7);
WSM(3, 1, 6, 7, 7);
WSM(3, 2, 6, 7, 7);
WSM(3, 3, 6, 7, 7);
WSM(3, 4, 6, 7, 7);
WSM(3, 5, 6, 7, 7);
WSM(3, 6, 6, 7, 7);
WSM(3, 7, 6, 7, 7);
WSM(3, 8, 6, 7, 7);
WSM(3, 9, 6, 7, 7);
WSM(3, 10, 6, 7, 7);
WSM(3, 11, 6, 7, 7);
WSM(3, 12, 6, 7, 7);
WSM(3, 13, 6, 7, 7);
WSM(3, 14, 6, 7, 7);
WSM(3, 15, 6, 7, 7);
WSM(3, 16, 6, 7, 7);
WSM(3, 17, 6, 7, 7);
WSM(3, 18, 6, 7, 7);
WSM(3, 19, 6, 7, 7);
WSM(3, 20, 6, 7, 7);
WSM(3, 21, 6, 7, 7);
WSM(3, 22, 6, 7, 7);
WSM(3, 23, 6, 7, 7);
WSM(3, 24, 1, 1, 1);
WSM(3, 25, 1, 1, 1);
WSM(3, 26, 1, 1, 1);
WSM(3, 27, 1, 1, 1);
WSM(3, 28, 1, 1, 1);
WSM(3, 29, 1, 1, 1);
WSM(3, 30, 6, 7, 7);
WSM(3, 31, 6, 7, 7);
WSM(3, 32, 6, 7, 7);
WSM(3, 33, 6, 7, 7);
WSM(3, 34, 6, 7, 7);
WSM(3, 35, 6, 7, 7);
WSM(3, 36, 6, 7, 7);
WSM(3, 37, 6, 7, 7);
WSM(3, 38, 6, 7, 7);
WSM(3, 39, 6, 7, 7);
WSM(3, 40, 6, 7, 7);
WSM(3, 41, 6, 7, 7);
WSM(3, 42, 6, 7, 7);
WSM(3, 43, 1, 1, 1);
WSM(3, 44, 6, 4, 3);
WSM(3, 45, 6, 4, 3);
WSM(3, 46, 6, 4, 3);
WSM(3, 47, 6, 4, 3);
WSM(3, 48, 6, 4, 3);
WSM(3, 49, 6, 4, 3);
WSM(3, 50, 1, 1, 1);
WSM(3, 51, 6, 7, 7);
WSM(3, 52, 6, 7, 7);
WSM(3, 53, 6, 7, 7);
WSM(3, 54, 6, 7, 7);
WSM(3, 55, 6, 7, 7);
WSM(3, 56, 6, 7, 7);
WSM(3, 57, 6, 7, 7);
WSM(3, 58, 6, 7, 7);
WSM(3, 59, 6, 7, 7);
WSM(3, 60, 6, 7, 7);
WSM(3, 61, 6, 7, 7);
WSM(3, 62, 1, 1, 1);
WSM(3, 63, 6, 4, 3);
WSM(3, 64, 6, 4, 3);
WSM(3, 65, 6, 4, 3);
WSM(3, 66, 6, 4, 3);
WSM(3, 67, 6, 4, 3);
WSM(3, 68, 6, 4, 3);
WSM(3, 69, 6, 4, 3);
WSM(3, 70, 1, 1, 1);
WSM(3, 71, 6, 7, 7);
WSM(3, 72, 6, 7, 7);
WSM(3, 73, 6, 7, 7);
WSM(3, 74, 6, 7, 7);
WSM(3, 75, 6, 7, 7);
WSM(3, 76, 6, 7, 7);
WSM(3, 77, 6, 7, 7);
WSM(3, 78, 6, 7, 7);
WSM(3, 79, 6, 7, 7);
WSM(3, 80, 6, 7, 7);
WSM(3, 81, 1, 1, 1);
WSM(3, 82, 3, 2, 1);
WSM(3, 83, 6, 4, 3);
WSM(3, 84, 6, 4, 3);
WSM(3, 85, 6, 4, 3);
WSM(3, 86, 6, 4, 3);
WSM(3, 87, 6, 4, 3);
WSM(3, 88, 6, 4, 3);
WSM(3, 89, 1, 1, 1);
WSM(3, 90, 6, 4, 3);
WSM(3, 91, 1, 1, 1);
WSM(3, 92, 6, 7, 7);
WSM(3, 93, 6, 7, 7);
WSM(3, 94, 6, 7, 7);
WSM(3, 95, 6, 7, 7);
WSM(3, 96, 6, 7, 7);
WSM(3, 97, 6, 7, 7);
WSM(3, 98, 6, 7, 7);
WSM(3, 99, 6, 7, 7);
WSM(3, 100, 6, 7, 7);
WSM(3, 101, 1, 1, 1);
WSM(3, 102, 3, 2, 1);
WSM(3, 103, 3, 2, 1);
WSM(3, 104, 6, 4, 3);
WSM(3, 105, 1, 1, 1);
WSM(3, 106, 1, 1, 1);
WSM(3, 107, 6, 4, 3);
WSM(3, 108, 6, 4, 3);
WSM(3, 109, 1, 1, 1);
WSM(3, 110, 6, 4, 3);
WSM(3, 111, 6, 4, 3);
WSM(3, 112, 1, 1, 1);
WSM(3, 113, 6, 7, 7);
WSM(3, 114, 6, 7, 7);
WSM(3, 115, 6, 7, 7);
WSM(3, 116, 6, 7, 7);
WSM(3, 117, 6, 7, 7);
WSM(3, 118, 6, 7, 7);
WSM(3, 119, 6, 7, 7);
WSM(3, 120, 6, 7, 7);
WSM(3, 121, 1, 1, 1);
WSM(3, 122, 3, 2, 1);
WSM(3, 123, 3, 2, 1);
WSM(3, 124, 1, 1, 1);
WSM(3, 125, 6, 4, 3);
WSM(3, 126, 3, 2, 1);
WSM(3, 127, 1, 1, 1);
WSM(3, 128, 6, 4, 3);
WSM(3, 129, 1, 1, 1);
WSM(3, 130, 6, 4, 3);
WSM(3, 131, 6, 4, 3);
WSM(3, 132, 6, 4, 3);
WSM(3, 133, 1, 1, 1);
WSM(3, 134, 6, 7, 7);
WSM(3, 135, 6, 7, 7);
WSM(3, 136, 6, 7, 7);
WSM(3, 137, 6, 7, 7);
WSM(3, 138, 6, 7, 7);
WSM(3, 139, 6, 7, 7);
WSM(3, 140, 6, 7, 7);
WSM(3, 141, 1, 1, 1);
WSM(3, 142, 3, 2, 1);
WSM(3, 143, 3, 2, 1);
WSM(3, 144, 1, 1, 1);
WSM(3, 145, 6, 4, 3);
WSM(3, 146, 6, 4, 3);
WSM(3, 147, 1, 1, 1);
WSM(3, 148, 6, 4, 3);
WSM(3, 149, 6, 4, 3);
WSM(3, 150, 1, 1, 1);
WSM(3, 151, 6, 4, 3);
WSM(3, 152, 6, 4, 3);
WSM(3, 153, 6, 4, 3);
WSM(3, 154, 1, 1, 1);
WSM(3, 155, 1, 1, 1);
WSM(3, 156, 1, 1, 1);
WSM(3, 157, 6, 7, 7);
WSM(3, 158, 6, 7, 7);
WSM(3, 159, 6, 7, 7);
WSM(3, 160, 6, 7, 7);
WSM(3, 161, 1, 1, 1);
WSM(3, 162, 3, 2, 1);
WSM(3, 163, 3, 2, 1);
WSM(3, 164, 3, 2, 1);
WSM(3, 165, 1, 1, 1);
WSM(3, 166, 3, 2, 1);
WSM(3, 167, 6, 4, 3);
WSM(3, 168, 6, 4, 3);
WSM(3, 169, 6, 4, 3);
WSM(3, 170, 6, 4, 3);
WSM(3, 171, 1, 1, 1);
WSM(3, 172, 1, 1, 1);
WSM(3, 173, 1, 1, 1);
WSM(3, 174, 1, 1, 1);
WSM(3, 175, 6, 4, 3);
WSM(3, 176, 6, 4, 3);
WSM(3, 177, 1, 1, 1);
WSM(3, 178, 6, 7, 7);
WSM(3, 179, 6, 7, 7);
WSM(3, 180, 6, 7, 7);
WSM(3, 181, 1, 1, 1);
WSM(3, 182, 3, 2, 1);
WSM(3, 183, 3, 2, 1);
WSM(3, 184, 3, 2, 1);
WSM(3, 185, 3, 2, 1);
WSM(3, 186, 3, 2, 1);
WSM(3, 187, 3, 2, 1);
WSM(3, 188, 6, 4, 3);
WSM(3, 189, 6, 4, 3);
WSM(3, 190, 6, 4, 3);
WSM(3, 191, 6, 4, 3);
WSM(3, 192, 6, 4, 3);
WSM(3, 193, 6, 4, 3);
WSM(3, 194, 6, 4, 3);
WSM(3, 195, 6, 4, 3);
WSM(3, 196, 6, 4, 3);
WSM(3, 197, 6, 4, 3);
WSM(3, 198, 1, 1, 1);
WSM(3, 199, 6, 7, 7);
WSM(3, 200, 6, 7, 7);
WSM(3, 201, 6, 7, 7);
WSM(3, 202, 1, 1, 1);
WSM(3, 203, 3, 2, 1);
WSM(3, 204, 3, 2, 1);
WSM(3, 205, 3, 2, 1);
WSM(3, 206, 3, 2, 1);
WSM(3, 207, 3, 2, 1);
WSM(3, 208, 3, 2, 1);
WSM(3, 209, 6, 4, 3);
WSM(3, 210, 6, 4, 3);
WSM(3, 211, 6, 4, 3);
WSM(3, 212, 6, 4, 3);
WSM(3, 213, 1, 1, 1);
WSM(3, 214, 6, 4, 3);
WSM(3, 215, 6, 4, 3);
WSM(3, 216, 6, 4, 3);
WSM(3, 217, 6, 4, 3);
WSM(3, 218, 1, 1, 1);
WSM(3, 219, 6, 7, 7);
WSM(3, 220, 6, 7, 7);
WSM(3, 221, 6, 7, 7);
WSM(3, 222, 6, 7, 7);
WSM(3, 223, 1, 1, 1);
WSM(3, 224, 3, 2, 1);
WSM(3, 225, 3, 2, 1);
WSM(3, 226, 3, 2, 1);
WSM(3, 227, 1, 1, 1);
WSM(3, 228, 1, 1, 1);
WSM(3, 229, 1, 1, 1);
WSM(3, 230, 6, 4, 3);
WSM(3, 231, 6, 4, 3);
WSM(3, 232, 1, 1, 1);
WSM(3, 233, 3, 2, 1);
WSM(3, 234, 1, 1, 1);
WSM(3, 235, 6, 4, 3);
WSM(3, 236, 6, 4, 3);
WSM(3, 237, 6, 4, 3);
WSM(3, 238, 1, 1, 1);
WSM(3, 239, 6, 7, 7);
WSM(3, 240, 6, 7, 7);
WSM(3, 241, 6, 7, 7);
WSM(3, 242, 6, 7, 7);
WSM(3, 243, 6, 7, 7);
WSM(3, 244, 1, 1, 1);
WSM(3, 245, 3, 2, 1);
WSM(3, 246, 1, 1, 1);
WSM(3, 247, 3, 2, 1);
WSM(3, 248, 6, 4, 3);
WSM(3, 249, 6, 4, 3);
WSM(3, 250, 1, 1, 1);
WSM(3, 251, 3, 2, 1);
WSM(3, 252, 3, 2, 1);
WSM(3, 253, 1, 1, 1);
WSM(3, 254, 6, 4, 3);
WSM(3, 255, 6, 4, 3);
WSM(3, 256, 6, 4, 3);
WSM(3, 257, 3, 2, 1);
WSM(3, 258, 1, 1, 1);
WSM(3, 259, 6, 7, 7);
WSM(3, 260, 6, 7, 7);
WSM(3, 261, 6, 7, 7);
WSM(3, 262, 6, 7, 7);
WSM(3, 263, 6, 7, 7);
WSM(3, 264, 6, 7, 7);
WSM(3, 265, 1, 1, 1);
WSM(3, 266, 1, 1, 1);
WSM(3, 267, 3, 2, 1);
WSM(3, 268, 3, 2, 1);
WSM(3, 269, 6, 4, 3);
WSM(3, 270, 6, 4, 3);
WSM(3, 271, 1, 1, 1);
WSM(3, 272, 3, 2, 1);
WSM(3, 273, 3, 2, 1);
WSM(3, 274, 3, 2, 1);
WSM(3, 275, 3, 2, 1);
WSM(3, 276, 3, 2, 1);
WSM(3, 277, 3, 2, 1);
WSM(3, 278, 1, 1, 1);
WSM(3, 279, 6, 7, 7);
WSM(3, 280, 6, 7, 7);
WSM(3, 281, 6, 7, 7);
WSM(3, 282, 6, 7, 7);
WSM(3, 283, 6, 7, 7);
WSM(3, 284, 6, 7, 7);
WSM(3, 285, 6, 7, 7);
WSM(3, 286, 6, 7, 7);
WSM(3, 287, 1, 1, 1);
WSM(3, 288, 1, 1, 1);
WSM(3, 289, 3, 2, 1);
WSM(3, 290, 3, 2, 1);
WSM(3, 291, 1, 1, 1);
WSM(3, 292, 3, 2, 1);
WSM(3, 293, 3, 2, 1);
WSM(3, 294, 3, 2, 1);
WSM(3, 295, 3, 2, 1);
WSM(3, 296, 1, 1, 1);
WSM(3, 297, 1, 1, 1);
WSM(3, 298, 6, 7, 7);
WSM(3, 299, 6, 7, 7);
WSM(3, 300, 6, 7, 7);
WSM(3, 301, 6, 7, 7);
WSM(3, 302, 6, 7, 7);
WSM(3, 303, 6, 7, 7);
WSM(3, 304, 6, 7, 7);
WSM(3, 305, 6, 7, 7);
WSM(3, 306, 6, 7, 7);
WSM(3, 307, 6, 7, 7);
WSM(3, 308, 6, 7, 7);
WSM(3, 309, 1, 1, 1);
WSM(3, 310, 1, 1, 1);
WSM(3, 311, 1, 1, 1);
WSM(3, 312, 1, 1, 1);
WSM(3, 313, 1, 1, 1);
WSM(3, 314, 1, 1, 1);
WSM(3, 315, 1, 1, 1);
WSM(3, 316, 6, 7, 7);
WSM(3, 317, 6, 7, 7);
WSM(3, 318, 6, 7, 7);
WSM(3, 319, 6, 7, 7);
WSM(3, 320, 6, 7, 7);
WSM(3, 321, 6, 7, 7);
WSM(3, 322, 6, 7, 7);
WSM(3, 323, 6, 7, 7);
WSM(3, 324, 6, 7, 7);
WSM(3, 325, 6, 7, 7);
WSM(3, 326, 6, 7, 7);
WSM(3, 327, 6, 7, 7);
WSM(3, 328, 6, 7, 7);
WSM(3, 329, 6, 7, 7);
WSM(3, 330, 6, 7, 7);
WSM(3, 331, 6, 7, 7);
WSM(3, 332, 6, 7, 7);
WSM(3, 333, 6, 7, 7);
WSM(3, 334, 6, 7, 7);
WSM(3, 335, 6, 7, 7);
WSM(3, 336, 6, 7, 7);
WSM(3, 337, 6, 7, 7);
WSM(3, 338, 6, 7, 7);
WSM(3, 339, 6, 7, 7);
WSM(3, 340, 6, 7, 7);
WSM(3, 341, 6, 7, 7);
WSM(3, 342, 6, 7, 7);
WSM(3, 343, 6, 7, 7);
WSM(3, 344, 6, 7, 7);
WSM(3, 345, 6, 7, 7);
WSM(3, 346, 6, 7, 7);
WSM(3, 347, 6, 7, 7);
WSM(3, 348, 6, 7, 7);
WSM(3, 349, 6, 7, 7);
WSM(3, 350, 6, 7, 7);
WSM(3, 351, 6, 7, 7);
WSM(3, 352, 6, 7, 7);
WSM(3, 353, 6, 7, 7);
WSM(3, 354, 6, 7, 7);
WSM(3, 355, 6, 7, 7);
WSM(3, 356, 6, 7, 7);
WSM(3, 357, 6, 7, 7);
WSM(3, 358, 6, 7, 7);
WSM(3, 359, 6, 7, 7);

WSM(4, 0, 6, 7, 7);
WSM(4, 1, 6, 7, 7);
WSM(4, 2, 6, 7, 7);
WSM(4, 3, 6, 7, 7);
WSM(4, 4, 6, 7, 7);
WSM(4, 5, 6, 7, 7);
WSM(4, 6, 6, 7, 7);
WSM(4, 7, 6, 7, 7);
WSM(4, 8, 6, 7, 7);
WSM(4, 9, 6, 7, 7);
WSM(4, 10, 6, 7, 7);
WSM(4, 11, 6, 7, 7);
WSM(4, 12, 6, 7, 7);
WSM(4, 13, 6, 7, 7);
WSM(4, 14, 6, 7, 7);
WSM(4, 15, 6, 7, 7);
WSM(4, 16, 6, 7, 7);
WSM(4, 17, 6, 7, 7);
WSM(4, 18, 6, 7, 7);
WSM(4, 19, 6, 7, 7);
WSM(4, 20, 6, 7, 7);
WSM(4, 21, 6, 7, 7);
WSM(4, 22, 6, 7, 7);
WSM(4, 23, 6, 7, 7);
WSM(4, 24, 6, 7, 7);
WSM(4, 25, 6, 7, 7);
WSM(4, 26, 6, 7, 7);
WSM(4, 27, 1, 1, 1);
WSM(4, 28, 1, 1, 1);
WSM(4, 29, 1, 1, 1);
WSM(4, 30, 1, 1, 1);
WSM(4, 31, 1, 1, 1);
WSM(4, 32, 1, 1, 1);
WSM(4, 33, 6, 7, 7);
WSM(4, 34, 6, 7, 7);
WSM(4, 35, 6, 7, 7);
WSM(4, 36, 6, 7, 7);
WSM(4, 37, 6, 7, 7);
WSM(4, 38, 6, 7, 7);
WSM(4, 39, 6, 7, 7);
WSM(4, 40, 6, 7, 7);
WSM(4, 41, 6, 7, 7);
WSM(4, 42, 6, 7, 7);
WSM(4, 43, 6, 7, 7);
WSM(4, 44, 6, 7, 7);
WSM(4, 45, 6, 7, 7);
WSM(4, 46, 1, 1, 1);
WSM(4, 47, 3, 2, 1);
WSM(4, 48, 1, 1, 1);
WSM(4, 49, 6, 4, 3);
WSM(4, 50, 6, 4, 3);
WSM(4, 51, 6, 4, 3);
WSM(4, 52, 6, 4, 3);
WSM(4, 53, 1, 1, 1);
WSM(4, 54, 6, 7, 7);
WSM(4, 55, 6, 7, 7);
WSM(4, 56, 6, 7, 7);
WSM(4, 57, 6, 7, 7);
WSM(4, 58, 6, 7, 7);
WSM(4, 59, 6, 7, 7);
WSM(4, 60, 6, 7, 7);
WSM(4, 61, 6, 7, 7);
WSM(4, 62, 6, 7, 7);
WSM(4, 63, 6, 7, 7);
WSM(4, 64, 6, 7, 7);
WSM(4, 65, 1, 1, 1);
WSM(4, 66, 6, 4, 3);
WSM(4, 67, 6, 4, 3);
WSM(4, 68, 3, 2, 1);
WSM(4, 69, 1, 1, 1);
WSM(4, 70, 6, 4, 3);
WSM(4, 71, 6, 4, 3);
WSM(4, 72, 1, 1, 1);
WSM(4, 73, 6, 4, 3);
WSM(4, 74, 1, 1, 1);
WSM(4, 75, 6, 7, 7);
WSM(4, 76, 6, 7, 7);
WSM(4, 77, 6, 7, 7);
WSM(4, 78, 6, 7, 7);
WSM(4, 79, 6, 7, 7);
WSM(4, 80, 6, 7, 7);
WSM(4, 81, 6, 7, 7);
WSM(4, 82, 6, 7, 7);
WSM(4, 83, 6, 7, 7);
WSM(4, 84, 6, 7, 7);
WSM(4, 85, 1, 1, 1);
WSM(4, 86, 6, 4, 3);
WSM(4, 87, 6, 4, 3);
WSM(4, 88, 3, 2, 1);
WSM(4, 89, 1, 1, 1);
WSM(4, 90, 6, 4, 3);
WSM(4, 91, 6, 4, 3);
WSM(4, 92, 1, 1, 1);
WSM(4, 93, 6, 4, 3);
WSM(4, 94, 6, 4, 3);
WSM(4, 95, 1, 1, 1);
WSM(4, 96, 6, 7, 7);
WSM(4, 97, 6, 7, 7);
WSM(4, 98, 6, 7, 7);
WSM(4, 99, 6, 7, 7);
WSM(4, 100, 6, 7, 7);
WSM(4, 101, 6, 7, 7);
WSM(4, 102, 6, 7, 7);
WSM(4, 103, 6, 7, 7);
WSM(4, 104, 1, 1, 1);
WSM(4, 105, 6, 4, 3);
WSM(4, 106, 6, 4, 3);
WSM(4, 107, 6, 4, 3);
WSM(4, 108, 6, 4, 3);
WSM(4, 109, 3, 2, 1);
WSM(4, 110, 1, 1, 1);
WSM(4, 111, 6, 4, 3);
WSM(4, 112, 6, 4, 3);
WSM(4, 113, 1, 1, 1);
WSM(4, 114, 1, 1, 1);
WSM(4, 115, 6, 4, 3);
WSM(4, 116, 1, 1, 1);
WSM(4, 117, 6, 7, 7);
WSM(4, 118, 6, 7, 7);
WSM(4, 119, 6, 7, 7);
WSM(4, 120, 6, 7, 7);
WSM(4, 121, 6, 7, 7);
WSM(4, 122, 6, 7, 7);
WSM(4, 123, 1, 1, 1);
WSM(4, 124, 3, 2, 1);
WSM(4, 125, 6, 4, 3);
WSM(4, 126, 6, 4, 3);
WSM(4, 127, 6, 4, 3);
WSM(4, 128, 6, 4, 3);
WSM(4, 129, 3, 2, 1);
WSM(4, 130, 1, 1, 1);
WSM(4, 131, 6, 4, 3);
WSM(4, 132, 6, 4, 3);
WSM(4, 133, 6, 4, 3);
WSM(4, 134, 6, 4, 3);
WSM(4, 135, 6, 4, 3);
WSM(4, 136, 1, 1, 1);
WSM(4, 137, 6, 7, 7);
WSM(4, 138, 6, 7, 7);
WSM(4, 139, 6, 7, 7);
WSM(4, 140, 6, 7, 7);
WSM(4, 141, 6, 7, 7);
WSM(4, 142, 6, 7, 7);
WSM(4, 143, 1, 1, 1);
WSM(4, 144, 3, 2, 1);
WSM(4, 145, 6, 4, 3);
WSM(4, 146, 6, 4, 3);
WSM(4, 147, 6, 4, 3);
WSM(4, 148, 6, 4, 3);
WSM(4, 149, 3, 2, 1);
WSM(4, 150, 1, 1, 1);
WSM(4, 151, 6, 4, 3);
WSM(4, 152, 6, 4, 3);
WSM(4, 153, 6, 4, 3);
WSM(4, 154, 6, 4, 3);
WSM(4, 155, 6, 4, 3);
WSM(4, 156, 1, 1, 1);
WSM(4, 157, 6, 7, 7);
WSM(4, 158, 6, 7, 7);
WSM(4, 159, 6, 7, 7);
WSM(4, 160, 6, 7, 7);
WSM(4, 161, 6, 7, 7);
WSM(4, 162, 6, 7, 7);
WSM(4, 163, 1, 1, 1);
WSM(4, 164, 3, 2, 1);
WSM(4, 165, 6, 4, 3);
WSM(4, 166, 6, 4, 3);
WSM(4, 167, 6, 4, 3);
WSM(4, 168, 6, 4, 3);
WSM(4, 169, 1, 1, 1);
WSM(4, 170, 6, 4, 3);
WSM(4, 171, 6, 4, 3);
WSM(4, 172, 6, 4, 3);
WSM(4, 173, 1, 1, 1);
WSM(4, 174, 1, 1, 1);
WSM(4, 175, 6, 4, 3);
WSM(4, 176, 1, 1, 1);
WSM(4, 177, 6, 7, 7);
WSM(4, 178, 6, 7, 7);
WSM(4, 179, 6, 7, 7);
WSM(4, 180, 6, 7, 7);
WSM(4, 181, 6, 7, 7);
WSM(4, 182, 6, 7, 7);
WSM(4, 183, 1, 1, 1);
WSM(4, 184, 3, 2, 1);
WSM(4, 185, 3, 2, 1);
WSM(4, 186, 6, 4, 3);
WSM(4, 187, 6, 4, 3);
WSM(4, 188, 6, 4, 3);
WSM(4, 189, 1, 1, 1);
WSM(4, 190, 6, 4, 3);
WSM(4, 191, 6, 4, 3);
WSM(4, 192, 1, 1, 1);
WSM(4, 193, 3, 2, 1);
WSM(4, 194, 3, 2, 1);
WSM(4, 195, 1, 1, 1);
WSM(4, 196, 1, 1, 1);
WSM(4, 197, 6, 7, 7);
WSM(4, 198, 6, 7, 7);
WSM(4, 199, 6, 7, 7);
WSM(4, 200, 6, 7, 7);
WSM(4, 201, 6, 7, 7);
WSM(4, 202, 6, 7, 7);
WSM(4, 203, 1, 1, 1);
WSM(4, 204, 3, 2, 1);
WSM(4, 205, 3, 2, 1);
WSM(4, 206, 3, 2, 1);
WSM(4, 207, 6, 4, 3);
WSM(4, 208, 1, 1, 1);
WSM(4, 209, 3, 2, 1);
WSM(4, 210, 6, 4, 3);
WSM(4, 211, 6, 4, 3);
WSM(4, 212, 1, 1, 1);
WSM(4, 213, 6, 4, 3);
WSM(4, 214, 6, 4, 3);
WSM(4, 215, 1, 1, 1);
WSM(4, 216, 1, 1, 1);
WSM(4, 217, 6, 7, 7);
WSM(4, 218, 6, 7, 7);
WSM(4, 219, 6, 7, 7);
WSM(4, 220, 6, 7, 7);
WSM(4, 221, 6, 7, 7);
WSM(4, 222, 6, 7, 7);
WSM(4, 223, 1, 1, 1);
WSM(4, 224, 3, 2, 1);
WSM(4, 225, 3, 2, 1);
WSM(4, 226, 1, 1, 1);
WSM(4, 227, 1, 1, 1);
WSM(4, 228, 3, 2, 1);
WSM(4, 229, 3, 2, 1);
WSM(4, 230, 3, 2, 1);
WSM(4, 231, 6, 4, 3);
WSM(4, 232, 6, 4, 3);
WSM(4, 233, 1, 1, 1);
WSM(4, 234, 1, 1, 1);
WSM(4, 235, 3, 2, 1);
WSM(4, 236, 1, 1, 1);
WSM(4, 237, 6, 7, 7);
WSM(4, 238, 6, 7, 7);
WSM(4, 239, 6, 7, 7);
WSM(4, 240, 6, 7, 7);
WSM(4, 241, 6, 7, 7);
WSM(4, 242, 6, 7, 7);
WSM(4, 243, 1, 1, 1);
WSM(4, 244, 1, 1, 1);
WSM(4, 245, 1, 1, 1);
WSM(4, 246, 3, 2, 1);
WSM(4, 247, 3, 2, 1);
WSM(4, 248, 3, 2, 1);
WSM(4, 249, 3, 2, 1);
WSM(4, 250, 3, 2, 1);
WSM(4, 251, 3, 2, 1);
WSM(4, 252, 3, 2, 1);
WSM(4, 253, 3, 2, 1);
WSM(4, 254, 3, 2, 1);
WSM(4, 255, 3, 2, 1);
WSM(4, 256, 1, 1, 1);
WSM(4, 257, 6, 7, 7);
WSM(4, 258, 6, 7, 7);
WSM(4, 259, 6, 7, 7);
WSM(4, 260, 6, 7, 7);
WSM(4, 261, 6, 7, 7);
WSM(4, 262, 6, 7, 7);
WSM(4, 263, 1, 1, 1);
WSM(4, 264, 3, 2, 1);
WSM(4, 265, 3, 2, 1);
WSM(4, 266, 3, 2, 1);
WSM(4, 267, 3, 2, 1);
WSM(4, 268, 3, 2, 1);
WSM(4, 269, 3, 2, 1);
WSM(4, 270, 3, 2, 1);
WSM(4, 271, 3, 2, 1);
WSM(4, 272, 3, 2, 1);
WSM(4, 273, 3, 2, 1);
WSM(4, 274, 3, 2, 1);
WSM(4, 275, 1, 1, 1);
WSM(4, 276, 6, 7, 7);
WSM(4, 277, 6, 7, 7);
WSM(4, 278, 6, 7, 7);
WSM(4, 279, 6, 7, 7);
WSM(4, 280, 6, 7, 7);
WSM(4, 281, 6, 7, 7);
WSM(4, 282, 6, 7, 7);
WSM(4, 283, 6, 7, 7);
WSM(4, 284, 1, 1, 1);
WSM(4, 285, 3, 2, 1);
WSM(4, 286, 3, 2, 1);
WSM(4, 287, 3, 2, 1);
WSM(4, 288, 3, 2, 1);
WSM(4, 289, 1, 1, 1);
WSM(4, 290, 3, 2, 1);
WSM(4, 291, 3, 2, 1);
WSM(4, 292, 3, 2, 1);
WSM(4, 293, 3, 2, 1);
WSM(4, 294, 3, 2, 1);
WSM(4, 295, 1, 1, 1);
WSM(4, 296, 6, 7, 7);
WSM(4, 297, 6, 7, 7);
WSM(4, 298, 6, 7, 7);
WSM(4, 299, 6, 7, 7);
WSM(4, 300, 6, 7, 7);
WSM(4, 301, 6, 7, 7);
WSM(4, 302, 6, 7, 7);
WSM(4, 303, 6, 7, 7);
WSM(4, 304, 6, 7, 7);
WSM(4, 305, 1, 1, 1);
WSM(4, 306, 3, 2, 1);
WSM(4, 307, 3, 2, 1);
WSM(4, 308, 1, 1, 1);
WSM(4, 309, 1, 1, 0);
WSM(4, 310, 1, 1, 1);
WSM(4, 311, 3, 2, 1);
WSM(4, 312, 3, 2, 1);
WSM(4, 313, 3, 2, 1);
WSM(4, 314, 1, 1, 1);
WSM(4, 315, 6, 7, 7);
WSM(4, 316, 6, 7, 7);
WSM(4, 317, 6, 7, 7);
WSM(4, 318, 6, 7, 7);
WSM(4, 319, 6, 7, 7);
WSM(4, 320, 6, 7, 7);
WSM(4, 321, 6, 7, 7);
WSM(4, 322, 6, 7, 7);
WSM(4, 323, 6, 7, 7);
WSM(4, 324, 6, 7, 7);
WSM(4, 325, 6, 7, 7);
WSM(4, 326, 1, 1, 1);
WSM(4, 327, 3, 2, 1);
WSM(4, 328, 3, 2, 1);
WSM(4, 329, 1, 1, 1);
WSM(4, 330, 3, 2, 1);
WSM(4, 331, 3, 2, 1);
WSM(4, 332, 3, 2, 1);
WSM(4, 333, 3, 2, 1);
WSM(4, 334, 1, 1, 1);
WSM(4, 335, 6, 7, 7);
WSM(4, 336, 6, 7, 7);
WSM(4, 337, 6, 7, 7);
WSM(4, 338, 6, 7, 7);
WSM(4, 339, 6, 7, 7);
WSM(4, 340, 6, 7, 7);
WSM(4, 341, 6, 7, 7);
WSM(4, 342, 6, 7, 7);
WSM(4, 343, 6, 7, 7);
WSM(4, 344, 6, 7, 7);
WSM(4, 345, 6, 7, 7);
WSM(4, 346, 6, 7, 7);
WSM(4, 347, 1, 1, 1);
WSM(4, 348, 3, 2, 1);
WSM(4, 349, 3, 2, 1);
WSM(4, 350, 3, 2, 1);
WSM(4, 351, 1, 1, 1);
WSM(4, 352, 3, 2, 1);
WSM(4, 353, 3, 2, 1);
WSM(4, 354, 1, 1, 1);
WSM(4, 355, 6, 7, 7);
WSM(4, 356, 6, 7, 7);
WSM(4, 357, 6, 7, 7);
WSM(4, 358, 6, 7, 7);
WSM(4, 359, 6, 7, 7);

WSM(5, 0, 6, 7, 7);
WSM(5, 1, 6, 7, 7);
WSM(5, 2, 6, 7, 7);
WSM(5, 3, 6, 7, 7);
WSM(5, 4, 6, 7, 7);
WSM(5, 5, 6, 7, 7);
WSM(5, 6, 6, 7, 7);
WSM(5, 7, 6, 7, 7);
WSM(5, 8, 6, 7, 7);
WSM(5, 9, 6, 7, 7);
WSM(5, 10, 6, 7, 7);
WSM(5, 11, 6, 7, 7);
WSM(5, 12, 6, 7, 7);
WSM(5, 13, 6, 7, 7);
WSM(5, 14, 6, 7, 7);
WSM(5, 15, 6, 7, 7);
WSM(5, 16, 6, 7, 7);
WSM(5, 17, 6, 7, 7);
WSM(5, 18, 6, 7, 7);
WSM(5, 19, 6, 7, 7);
WSM(5, 20, 6, 7, 7);
WSM(5, 21, 6, 7, 7);
WSM(5, 22, 6, 7, 7);
WSM(5, 23, 6, 7, 7);
WSM(5, 24, 6, 7, 7);
WSM(5, 25, 6, 7, 7);
WSM(5, 26, 6, 7, 7);
WSM(5, 27, 6, 7, 7);
WSM(5, 28, 1, 1, 1);
WSM(5, 29, 1, 1, 1);
WSM(5, 30, 1, 1, 1);
WSM(5, 31, 1, 1, 1);
WSM(5, 32, 1, 1, 1);
WSM(5, 33, 6, 7, 7);
WSM(5, 34, 6, 7, 7);
WSM(5, 35, 6, 7, 7);
WSM(5, 36, 6, 7, 7);
WSM(5, 37, 6, 7, 7);
WSM(5, 38, 6, 7, 7);
WSM(5, 39, 6, 7, 7);
WSM(5, 40, 6, 7, 7);
WSM(5, 41, 6, 7, 7);
WSM(5, 42, 6, 7, 7);
WSM(5, 43, 6, 7, 7);
WSM(5, 44, 6, 7, 7);
WSM(5, 45, 6, 7, 7);
WSM(5, 46, 1, 1, 1);
WSM(5, 47, 1, 1, 1);
WSM(5, 48, 1, 1, 1);
WSM(5, 49, 6, 4, 3);
WSM(5, 50, 6, 4, 3);
WSM(5, 51, 6, 4, 3);
WSM(5, 52, 6, 4, 3);
WSM(5, 53, 1, 1, 1);
WSM(5, 54, 6, 7, 7);
WSM(5, 55, 6, 7, 7);
WSM(5, 56, 6, 7, 7);
WSM(5, 57, 6, 7, 7);
WSM(5, 58, 6, 7, 7);
WSM(5, 59, 6, 7, 7);
WSM(5, 60, 6, 7, 7);
WSM(5, 61, 6, 7, 7);
WSM(5, 62, 6, 7, 7);
WSM(5, 63, 6, 7, 7);
WSM(5, 64, 6, 7, 7);
WSM(5, 65, 1, 1, 1);
WSM(5, 66, 6, 4, 3);
WSM(5, 67, 3, 2, 1);
WSM(5, 68, 3, 2, 1);
WSM(5, 69, 1, 1, 1);
WSM(5, 70, 6, 4, 3);
WSM(5, 71, 6, 4, 3);
WSM(5, 72, 6, 4, 3);
WSM(5, 73, 1, 1, 1);
WSM(5, 74, 6, 7, 7);
WSM(5, 75, 6, 7, 7);
WSM(5, 76, 6, 7, 7);
WSM(5, 77, 6, 7, 7);
WSM(5, 78, 6, 7, 7);
WSM(5, 79, 6, 7, 7);
WSM(5, 80, 6, 7, 7);
WSM(5, 81, 6, 7, 7);
WSM(5, 82, 6, 7, 7);
WSM(5, 83, 6, 7, 7);
WSM(5, 84, 1, 1, 1);
WSM(5, 85, 6, 4, 3);
WSM(5, 86, 6, 4, 3);
WSM(5, 87, 6, 4, 3);
WSM(5, 88, 3, 2, 1);
WSM(5, 89, 1, 1, 1);
WSM(5, 90, 6, 4, 3);
WSM(5, 91, 6, 4, 3);
WSM(5, 92, 6, 4, 3);
WSM(5, 93, 6, 4, 3);
WSM(5, 94, 1, 1, 1);
WSM(5, 95, 1, 1, 1);
WSM(5, 96, 1, 1, 1);
WSM(5, 97, 6, 7, 7);
WSM(5, 98, 6, 7, 7);
WSM(5, 99, 6, 7, 7);
WSM(5, 100, 6, 7, 7);
WSM(5, 101, 6, 7, 7);
WSM(5, 102, 6, 7, 7);
WSM(5, 103, 1, 1, 1);
WSM(5, 104, 3, 2, 1);
WSM(5, 105, 6, 4, 3);
WSM(5, 106, 6, 4, 3);
WSM(5, 107, 6, 4, 3);
WSM(5, 108, 6, 4, 3);
WSM(5, 109, 1, 1, 1);
WSM(5, 110, 6, 4, 3);
WSM(5, 111, 6, 4, 3);
WSM(5, 112, 6, 4, 3);
WSM(5, 113, 6, 4, 3);
WSM(5, 114, 6, 4, 3);
WSM(5, 115, 1, 1, 1);
WSM(5, 116, 3, 2, 1);
WSM(5, 117, 1, 1, 1);
WSM(5, 118, 6, 7, 7);
WSM(5, 119, 6, 7, 7);
WSM(5, 120, 6, 7, 7);
WSM(5, 121, 6, 7, 7);
WSM(5, 122, 6, 7, 7);
WSM(5, 123, 1, 1, 1);
WSM(5, 124, 3, 2, 1);
WSM(5, 125, 3, 2, 1);
WSM(5, 126, 6, 4, 3);
WSM(5, 127, 6, 4, 3);
WSM(5, 128, 1, 1, 1);
WSM(5, 129, 6, 4, 3);
WSM(5, 130, 6, 4, 3);
WSM(5, 131, 6, 4, 3);
WSM(5, 132, 6, 4, 3);
WSM(5, 133, 6, 4, 3);
WSM(5, 134, 6, 4, 3);
WSM(5, 135, 6, 4, 3);
WSM(5, 136, 1, 1, 1);
WSM(5, 137, 6, 4, 3);
WSM(5, 138, 1, 1, 1);
WSM(5, 139, 6, 7, 7);
WSM(5, 140, 6, 7, 7);
WSM(5, 141, 6, 7, 7);
WSM(5, 142, 6, 7, 7);
WSM(5, 143, 1, 1, 1);
WSM(5, 144, 3, 2, 1);
WSM(5, 145, 3, 2, 1);
WSM(5, 146, 3, 2, 1);
WSM(5, 147, 3, 2, 1);
WSM(5, 148, 1, 1, 1);
WSM(5, 149, 6, 4, 3);
WSM(5, 150, 6, 4, 3);
WSM(5, 151, 6, 4, 3);
WSM(5, 152, 6, 4, 3);
WSM(5, 153, 6, 4, 3);
WSM(5, 154, 6, 4, 3);
WSM(5, 155, 6, 4, 3);
WSM(5, 156, 6, 4, 3);
WSM(5, 157, 6, 4, 3);
WSM(5, 158, 1, 1, 1);
WSM(5, 159, 6, 7, 7);
WSM(5, 160, 6, 7, 7);
WSM(5, 161, 6, 7, 7);
WSM(5, 162, 1, 1, 1);
WSM(5, 163, 3, 2, 1);
WSM(5, 164, 3, 2, 1);
WSM(5, 165, 3, 2, 1);
WSM(5, 166, 3, 2, 1);
WSM(5, 167, 1, 1, 1);
WSM(5, 168, 6, 4, 3);
WSM(5, 169, 6, 4, 3);
WSM(5, 170, 6, 4, 3);
WSM(5, 171, 6, 4, 3);
WSM(5, 172, 6, 4, 3);
WSM(5, 173, 1, 1, 1);
WSM(5, 174, 1, 1, 1);
WSM(5, 175, 6, 4, 3);
WSM(5, 176, 6, 4, 3);
WSM(5, 177, 6, 4, 3);
WSM(5, 178, 1, 1, 1);
WSM(5, 179, 6, 7, 7);
WSM(5, 180, 6, 7, 7);
WSM(5, 181, 1, 1, 1);
WSM(5, 182, 3, 2, 1);
WSM(5, 183, 3, 2, 1);
WSM(5, 184, 3, 2, 1);
WSM(5, 185, 1, 1, 1);
WSM(5, 186, 1, 1, 1);
WSM(5, 187, 6, 4, 3);
WSM(5, 188, 6, 4, 3);
WSM(5, 189, 6, 4, 3);
WSM(5, 190, 6, 4, 3);
WSM(5, 191, 6, 4, 3);
WSM(5, 192, 1, 1, 1);
WSM(5, 193, 3, 2, 1);
WSM(5, 194, 3, 2, 1);
WSM(5, 195, 1, 1, 1);
WSM(5, 196, 6, 4, 3);
WSM(5, 197, 6, 4, 3);
WSM(5, 198, 1, 1, 1);
WSM(5, 199, 6, 7, 7);
WSM(5, 200, 6, 7, 7);
WSM(5, 201, 1, 1, 1);
WSM(5, 202, 1, 1, 1);
WSM(5, 203, 1, 1, 1);
WSM(5, 204, 1, 1, 1);
WSM(5, 205, 3, 2, 1);
WSM(5, 206, 3, 2, 1);
WSM(5, 207, 3, 2, 1);
WSM(5, 208, 6, 4, 3);
WSM(5, 209, 6, 4, 3);
WSM(5, 210, 6, 4, 3);
WSM(5, 211, 6, 4, 3);
WSM(5, 212, 1, 1, 1);
WSM(5, 213, 3, 2, 1);
WSM(5, 214, 3, 2, 1);
WSM(5, 215, 1, 1, 1);
WSM(5, 216, 6, 4, 3);
WSM(5, 217, 6, 4, 3);
WSM(5, 218, 1, 1, 1);
WSM(5, 219, 6, 7, 7);
WSM(5, 220, 6, 7, 7);
WSM(5, 221, 1, 1, 1);
WSM(5, 222, 3, 2, 1);
WSM(5, 223, 3, 2, 1);
WSM(5, 224, 3, 2, 1);
WSM(5, 225, 3, 2, 1);
WSM(5, 226, 3, 2, 1);
WSM(5, 227, 3, 2, 1);
WSM(5, 228, 3, 2, 1);
WSM(5, 229, 3, 2, 1);
WSM(5, 230, 6, 4, 3);
WSM(5, 231, 6, 4, 3);
WSM(5, 232, 6, 4, 3);
WSM(5, 233, 1, 1, 1);
WSM(5, 234, 1, 1, 1);
WSM(5, 235, 6, 4, 3);
WSM(5, 236, 6, 4, 3);
WSM(5, 237, 6, 4, 3);
WSM(5, 238, 1, 1, 1);
WSM(5, 239, 6, 7, 7);
WSM(5, 240, 6, 7, 7);
WSM(5, 241, 6, 7, 7);
WSM(5, 242, 1, 1, 1);
WSM(5, 243, 3, 2, 1);
WSM(5, 244, 3, 2, 1);
WSM(5, 245, 3, 2, 1);
WSM(5, 246, 1, 1, 1);
WSM(5, 247, 1, 1, 1);
WSM(5, 248, 1, 1, 1);
WSM(5, 249, 3, 2, 1);
WSM(5, 250, 3, 2, 1);
WSM(5, 251, 3, 2, 1);
WSM(5, 252, 6, 4, 3);
WSM(5, 253, 6, 4, 3);
WSM(5, 254, 6, 4, 3);
WSM(5, 255, 6, 4, 3);
WSM(5, 256, 1, 1, 1);
WSM(5, 257, 1, 1, 1);
WSM(5, 258, 6, 7, 7);
WSM(5, 259, 6, 7, 7);
WSM(5, 260, 6, 7, 7);
WSM(5, 261, 6, 7, 7);
WSM(5, 262, 1, 1, 1);
WSM(5, 263, 3, 2, 1);
WSM(5, 264, 3, 2, 1);
WSM(5, 265, 1, 1, 1);
WSM(5, 266, 3, 2, 1);
WSM(5, 267, 3, 2, 1);
WSM(5, 268, 3, 2, 1);
WSM(5, 269, 1, 1, 1);
WSM(5, 270, 3, 2, 1);
WSM(5, 271, 3, 2, 1);
WSM(5, 272, 3, 2, 1);
WSM(5, 273, 1, 1, 1);
WSM(5, 274, 1, 1, 1);
WSM(5, 275, 1, 1, 1);
WSM(5, 276, 6, 7, 7);
WSM(5, 277, 6, 7, 7);
WSM(5, 278, 6, 7, 7);
WSM(5, 279, 6, 7, 7);
WSM(5, 280, 6, 7, 7);
WSM(5, 281, 6, 7, 7);
WSM(5, 282, 6, 7, 7);
WSM(5, 283, 1, 1, 1);
WSM(5, 284, 3, 2, 1);
WSM(5, 285, 1, 1, 1);
WSM(5, 286, 3, 2, 1);
WSM(5, 287, 6, 4, 3);
WSM(5, 288, 3, 2, 1);
WSM(5, 289, 1, 1, 1);
WSM(5, 290, 3, 2, 1);
WSM(5, 291, 3, 2, 1);
WSM(5, 292, 1, 1, 1);
WSM(5, 293, 6, 7, 7);
WSM(5, 294, 6, 7, 7);
WSM(5, 295, 6, 7, 7);
WSM(5, 296, 6, 7, 7);
WSM(5, 297, 6, 7, 7);
WSM(5, 298, 6, 7, 7);
WSM(5, 299, 6, 7, 7);
WSM(5, 300, 6, 7, 7);
WSM(5, 301, 6, 7, 7);
WSM(5, 302, 6, 7, 7);
WSM(5, 303, 6, 7, 7);
WSM(5, 304, 1, 1, 1);
WSM(5, 305, 1, 1, 1);
WSM(5, 306, 6, 4, 3);
WSM(5, 307, 6, 4, 3);
WSM(5, 308, 6, 4, 3);
WSM(5, 309, 1, 1, 1);
WSM(5, 310, 1, 1, 1);
WSM(5, 311, 1, 1, 1);
WSM(5, 312, 6, 7, 7);
WSM(5, 313, 6, 7, 7);
WSM(5, 314, 6, 7, 7);
WSM(5, 315, 6, 7, 7);
WSM(5, 316, 6, 7, 7);
WSM(5, 317, 6, 7, 7);
WSM(5, 318, 6, 7, 7);
WSM(5, 319, 6, 7, 7);
WSM(5, 320, 6, 7, 7);
WSM(5, 321, 6, 7, 7);
WSM(5, 322, 6, 7, 7);
WSM(5, 323, 6, 7, 7);
WSM(5, 324, 6, 7, 7);
WSM(5, 325, 1, 1, 1);
WSM(5, 326, 1, 1, 1);
WSM(5, 327, 1, 1, 1);
WSM(5, 328, 1, 1, 1);
WSM(5, 329, 6, 7, 7);
WSM(5, 330, 6, 7, 7);
WSM(5, 331, 6, 7, 7);
WSM(5, 332, 6, 7, 7);
WSM(5, 333, 6, 7, 7);
WSM(5, 334, 6, 7, 7);
WSM(5, 335, 6, 7, 7);
WSM(5, 336, 6, 7, 7);
WSM(5, 337, 6, 7, 7);
WSM(5, 338, 6, 7, 7);
WSM(5, 339, 6, 7, 7);
WSM(5, 340, 6, 7, 7);
WSM(5, 341, 6, 7, 7);
WSM(5, 342, 6, 7, 7);
WSM(5, 343, 6, 7, 7);
WSM(5, 344, 6, 7, 7);
WSM(5, 345, 6, 7, 7);
WSM(5, 346, 6, 7, 7);
WSM(5, 347, 6, 7, 7);
WSM(5, 348, 6, 7, 7);
WSM(5, 349, 6, 7, 7);
WSM(5, 350, 6, 7, 7);
WSM(5, 351, 6, 7, 7);
WSM(5, 352, 6, 7, 7);
WSM(5, 353, 6, 7, 7);
WSM(5, 354, 6, 7, 7);
WSM(5, 355, 6, 7, 7);
WSM(5, 356, 6, 7, 7);
WSM(5, 357, 6, 7, 7);
WSM(5, 358, 6, 7, 7);
WSM(5, 359, 6, 7, 7);