WSM(1, 0, 6, 7, 7);
WSM(1, 1, 6, 7, 7);
WSM(1, 2, 6, 7, 7);
WSM(1, 3, 6, 7, 7);
WSM(1, 4, 6, 7, 7);
WSM(1, 5, 6, 7, 7);
WSM(1, 6, 6, 7, 7);
WSM(1, 7, 1, 1, 1);
WSM(1, 8, 1, 1, 1);
WSM(1, 9, 6, 7, 7);
WSM(1, 10, 6, 7, 7);
WSM(1, 11, 1, 1, 1);
WSM(1, 12, 1, 1, 1);
WSM(1, 13, 6, 7, 7);
WSM(1, 14, 6, 7, 7);
WSM(1, 15, 6, 7, 7);
WSM(1, 16, 6, 7, 7);
WSM(1, 17, 6, 7, 7);
WSM(1, 18, 6, 7, 7);
WSM(1, 19, 6, 7, 7);
WSM(1, 20, 6, 7, 7);
WSM(1, 21, 6, 7, 7);
WSM(1, 22, 6, 7, 7);
WSM(1, 23, 6, 7, 7);
WSM(1, 24, 6, 7, 7);
WSM(1, 25, 6, 7, 7);
WSM(1, 26, 6, 7, 7);
WSM(1, 27, 1, 1, 1);
WSM(1, 28, 1, 1, 1);
WSM(1, 29, 6, 7, 7);
WSM(1, 30, 6, 7, 7);
WSM(1, 31, 1, 1, 1);
WSM(1, 32, 1, 1, 1);
WSM(1, 33, 6, 7, 7);
WSM(1, 34, 6, 7, 7);
WSM(1, 35, 6, 7, 7);
WSM(1, 36, 6, 7, 7);
WSM(1, 37, 6, 7, 7);
WSM(1, 38, 6, 7, 7);
WSM(1, 39, 6, 7, 7);
WSM(1, 40, 6, 7, 7);
WSM(1, 41, 6, 7, 7);
WSM(1, 42, 6, 7, 7);
WSM(1, 43, 6, 7, 7);
WSM(1, 44, 6, 7, 7);
WSM(1, 45, 6, 7, 7);
WSM(1, 46, 1, 1, 1);
WSM(1, 47, 3, 3, 3);
WSM(1, 48, 1, 1, 1);
WSM(1, 49, 6, 7, 7);
WSM(1, 50, 6, 7, 7);
WSM(1, 51, 1, 1, 1);
WSM(1, 52, 3, 3, 3);
WSM(1, 53, 1, 1, 1);
WSM(1, 54, 6, 7, 7);
WSM(1, 55, 6, 7, 7);
WSM(1, 56, 6, 7, 7);
WSM(1, 57, 6, 7, 7);
WSM(1, 58, 6, 7, 7);
WSM(1, 59, 6, 7, 7);
WSM(1, 60, 6, 7, 7);
WSM(1, 61, 6, 7, 7);
WSM(1, 62, 6, 7, 7);
WSM(1, 63, 6, 7, 7);
WSM(1, 64, 6, 7, 7);
WSM(1, 65, 6, 7, 7);
WSM(1, 66, 1, 1, 1);
WSM(1, 67, 3, 3, 3);
WSM(1, 68, 1, 1, 1);
WSM(1, 69, 6, 7, 7);
WSM(1, 70, 6, 7, 7);
WSM(1, 71, 1, 1, 1);
WSM(1, 72, 3, 3, 3);
WSM(1, 73, 1, 1, 1);
WSM(1, 74, 6, 7, 7);
WSM(1, 75, 6, 7, 7);
WSM(1, 76, 1, 1, 1);
WSM(1, 77, 1, 1, 1);
WSM(1, 78, 6, 7, 7);
WSM(1, 79, 6, 7, 7);
WSM(1, 80, 6, 7, 7);
WSM(1, 81, 6, 7, 7);
WSM(1, 82, 6, 7, 7);
WSM(1, 83, 6, 7, 7);
WSM(1, 84, 6, 7, 7);
WSM(1, 85, 1, 1, 1);
WSM(1, 86, 3, 3, 3);
WSM(1, 87, 3, 3, 3);
WSM(1, 88, 3, 3, 3);
WSM(1, 89, 1, 1, 1);
WSM(1, 90, 1, 1, 1);
WSM(1, 91, 3, 3, 3);
WSM(1, 92, 3, 3, 3);
WSM(1, 93, 3, 3, 3);
WSM(1, 94, 1, 1, 1);
WSM(1, 95, 1, 1, 1);
WSM(1, 96, 0, 7, 7);
WSM(1, 97, 0, 7, 7);
WSM(1, 98, 1, 1, 1);
WSM(1, 99, 6, 7, 7);
WSM(1, 100, 6, 7, 7);
WSM(1, 101, 6, 7, 7);
WSM(1, 102, 6, 7, 7);
WSM(1, 103, 6, 7, 7);
WSM(1, 104, 6, 7, 7);
WSM(1, 105, 1, 1, 1);
WSM(1, 106, 3, 3, 3);
WSM(1, 107, 2, 2, 2);
WSM(1, 108, 3, 3, 3);
WSM(1, 109, 5, 5, 5);
WSM(1, 110, 5, 5, 5);
WSM(1, 111, 3, 3, 3);
WSM(1, 112, 2, 2, 2);
WSM(1, 113, 3, 3, 3);
WSM(1, 114, 1, 1, 1);
WSM(1, 115, 1, 1, 1);
WSM(1, 116, 5, 5, 5);
WSM(1, 117, 5, 5, 5);
WSM(1, 118, 1, 1, 1);
WSM(1, 119, 6, 7, 7);
WSM(1, 120, 6, 7, 7);
WSM(1, 121, 6, 7, 7);
WSM(1, 122, 6, 7, 7);
WSM(1, 123, 6, 7, 7);
WSM(1, 124, 1, 1, 1);
WSM(1, 125, 3, 3, 3);
WSM(1, 126, 3, 3, 3);
WSM(1, 127, 3, 3, 3);
WSM(1, 128, 2, 2, 2);
WSM(1, 129, 5, 5, 5);
WSM(1, 130, 5, 5, 5);
WSM(1, 131, 2, 2, 2);
WSM(1, 132, 3, 3, 3);
WSM(1, 133, 3, 3, 3);
WSM(1, 134, 3, 3, 3);
WSM(1, 135, 1, 1, 1);
WSM(1, 136, 5, 5, 5);
WSM(1, 137, 5, 5, 5);
WSM(1, 138, 1, 1, 1);
WSM(1, 139, 6, 7, 7);
WSM(1, 140, 6, 7, 7);
WSM(1, 141, 6, 7, 7);
WSM(1, 142, 6, 7, 7);
WSM(1, 143, 6, 7, 7);
WSM(1, 144, 1, 1, 1);
WSM(1, 145, 3, 3, 3);
WSM(1, 146, 5, 5, 5);
WSM(1, 147, 3, 3, 3);
WSM(1, 148, 3, 3, 3);
WSM(1, 149, 5, 5, 5);
WSM(1, 150, 5, 5, 5);
WSM(1, 151, 3, 3, 3);
WSM(1, 152, 3, 3, 3);
WSM(1, 153, 5, 5, 5);
WSM(1, 154, 3, 3, 3);
WSM(1, 155, 1, 1, 1);
WSM(1, 156, 5, 5, 5);
WSM(1, 157, 5, 5, 5);
WSM(1, 158, 1, 1, 1);
WSM(1, 159, 6, 7, 7);
WSM(1, 160, 6, 7, 7);
WSM(1, 161, 6, 7, 7);
WSM(1, 162, 6, 7, 7);
WSM(1, 163, 1, 1, 1);
WSM(1, 164, 3, 3, 3);
WSM(1, 165, 3, 3, 3);
WSM(1, 166, 3, 3, 3);
WSM(1, 167, 5, 5, 5);
WSM(1, 168, 3, 3, 3);
WSM(1, 169, 5, 5, 5);
WSM(1, 170, 5, 5, 5);
WSM(1, 171, 3, 3, 3);
WSM(1, 172, 5, 5, 5);
WSM(1, 173, 3, 3, 3);
WSM(1, 174, 3, 3, 3);
WSM(1, 175, 3, 3, 3);
WSM(1, 176, 1, 1, 1);
WSM(1, 177, 5, 5, 5);
WSM(1, 178, 1, 1, 1);
WSM(1, 179, 6, 7, 7);
WSM(1, 180, 6, 7, 7);
WSM(1, 181, 6, 7, 7);
WSM(1, 182, 6, 7, 7);
WSM(1, 183, 1, 1, 1);
WSM(1, 184, 3, 3, 3);
WSM(1, 185, 3, 3, 3);
WSM(1, 186, 3, 3, 3);
WSM(1, 187, 3, 3, 3);
WSM(1, 188, 3, 3, 3);
WSM(1, 189, 1, 1, 1);
WSM(1, 190, 1, 1, 1);
WSM(1, 191, 3, 3, 3);
WSM(1, 192, 3, 3, 3);
WSM(1, 193, 3, 3, 3);
WSM(1, 194, 3, 3, 3);
WSM(1, 195, 3, 3, 3);
WSM(1, 196, 1, 1, 1);
WSM(1, 197, 5, 5, 5);
WSM(1, 198, 1, 1, 1);
WSM(1, 199, 6, 7, 7);
WSM(1, 200, 6, 7, 7);
WSM(1, 201, 6, 7, 7);
WSM(1, 202, 6, 7, 7);
WSM(1, 203, 1, 1, 1);
WSM(1, 204, 5, 5, 5);
WSM(1, 205, 5, 5, 5);
WSM(1, 206, 5, 5, 5);
WSM(1, 207, 5, 5, 5);
WSM(1, 208, 1, 1, 1);
WSM(1, 209, 5, 5, 5);
WSM(1, 210, 5, 5, 5);
WSM(1, 211, 1, 1, 1);
WSM(1, 212, 5, 5, 5);
WSM(1, 213, 5, 5, 5);
WSM(1, 214, 5, 5, 5);
WSM(1, 215, 5, 5, 5);
WSM(1, 216, 1, 1, 1);
WSM(1, 217, 1, 1, 1);
WSM(1, 218, 6, 7, 7);
WSM(1, 219, 6, 7, 7);
WSM(1, 220, 6, 7, 7);
WSM(1, 221, 6, 7, 7);
WSM(1, 222, 6, 7, 7);
WSM(1, 223, 1, 1, 1);
WSM(1, 224, 5, 5, 5);
WSM(1, 225, 5, 5, 5);
WSM(1, 226, 5, 5, 5);
WSM(1, 227, 5, 5, 5);
WSM(1, 228, 1, 1, 1);
WSM(1, 229, 5, 5, 5);
WSM(1, 230, 5, 5, 5);
WSM(1, 231, 1, 1, 1);
WSM(1, 232, 5, 5, 5);
WSM(1, 233, 5, 5, 5);
WSM(1, 234, 5, 5, 5);
WSM(1, 235, 5, 5, 5);
WSM(1, 236, 1, 1, 1);
WSM(1, 237, 6, 7, 7);
WSM(1, 238, 6, 7, 7);
WSM(1, 239, 6, 7, 7);
WSM(1, 240, 6, 7, 7);
WSM(1, 241, 6, 7, 7);
WSM(1, 242, 6, 7, 7);
WSM(1, 243, 1, 1, 1);
WSM(1, 244, 3, 3, 3);
WSM(1, 245, 3, 3, 3);
WSM(1, 246, 3, 3, 3);
WSM(1, 247, 3, 3, 3);
WSM(1, 248, 3, 3, 3);
WSM(1, 249, 1, 1, 1);
WSM(1, 250, 1, 1, 1);
WSM(1, 251, 3, 3, 3);
WSM(1, 252, 3, 3, 3);
WSM(1, 253, 3, 3, 3);
WSM(1, 254, 3, 3, 3);
WSM(1, 255, 3, 3, 3);
WSM(1, 256, 1, 1, 1);
WSM(1, 257, 6, 7, 7);
WSM(1, 258, 6, 7, 7);
WSM(1, 259, 6, 7, 7);
WSM(1, 260, 6, 7, 7);
WSM(1, 261, 6, 7, 7);
WSM(1, 262, 6, 7, 7);
WSM(1, 263, 1, 1, 1);
WSM(1, 264, 3, 3, 3);
WSM(1, 265, 3, 3, 3);
WSM(1, 266, 1, 1, 1);
WSM(1, 267, 3, 3, 3);
WSM(1, 268, 3, 3, 3);
WSM(1, 269, 3, 3, 3);
WSM(1, 270, 3, 3, 3);
WSM(1, 271, 3, 3, 3);
WSM(1, 272, 3, 3, 3);
WSM(1, 273, 1, 1, 1);
WSM(1, 274, 3, 3, 3);
WSM(1, 275, 3, 3, 3);
WSM(1, 276, 1, 1, 1);
WSM(1, 277, 6, 7, 7);
WSM(1, 278, 6, 7, 7);
WSM(1, 279, 6, 7, 7);
WSM(1, 280, 6, 7, 7);
WSM(1, 281, 6, 7, 7);
WSM(1, 282, 6, 7, 7);
WSM(1, 283, 6, 7, 7);
WSM(1, 284, 1, 1, 1);
WSM(1, 285, 3, 3, 3);
WSM(1, 286, 3, 3, 3);
WSM(1, 287, 3, 3, 3);
WSM(1, 288, 1, 1, 1);
WSM(1, 289, 3, 3, 3);
WSM(1, 290, 3, 3, 3);
WSM(1, 291, 1, 1, 1);
WSM(1, 292, 3, 3, 3);
WSM(1, 293, 3, 3, 3);
WSM(1, 294, 3, 3, 3);
WSM(1, 295, 1, 1, 1);
WSM(1, 296, 6, 7, 7);
WSM(1, 297, 6, 7, 7);
WSM(1, 298, 6, 7, 7);
WSM(1, 299, 6, 7, 7);
WSM(1, 300, 6, 7, 7);
WSM(1, 301, 6, 7, 7);
WSM(1, 302, 6, 7, 7);
WSM(1, 303, 6, 7, 7);
WSM(1, 304, 6, 7, 7);
WSM(1, 305, 1, 1, 1);
WSM(1, 306, 1, 1, 1);
WSM(1, 307, 3, 3, 3);
WSM(1, 308, 3, 3, 3);
WSM(1, 309, 3, 3, 3);
WSM(1, 310, 3, 3, 3);
WSM(1, 311, 3, 3, 3);
WSM(1, 312, 3, 3, 3);
WSM(1, 313, 1, 1, 1);
WSM(1, 314, 1, 1, 1);
WSM(1, 315, 6, 7, 7);
WSM(1, 316, 6, 7, 7);
WSM(1, 317, 6, 7, 7);
WSM(1, 318, 6, 7, 7);
WSM(1, 319, 6, 7, 7);
WSM(1, 320, 6, 7, 7);
WSM(1, 321, 6, 7, 7);
WSM(1, 322, 6, 7, 7);
WSM(1, 323, 6, 7, 7);
WSM(1, 324, 6, 7, 7);
WSM(1, 325, 6, 7, 7);
WSM(1, 326, 2, 3, 7);
WSM(1, 327, 1, 1, 1);
WSM(1, 328, 1, 1, 1);
WSM(1, 329, 1, 1, 1);
WSM(1, 330, 1, 1, 1);
WSM(1, 331, 1, 1, 1);
WSM(1, 332, 1, 1, 1);
WSM(1, 333, 2, 3, 7);
WSM(1, 334, 6, 7, 7);
WSM(1, 335, 6, 7, 7);
WSM(1, 336, 6, 7, 7);
WSM(1, 337, 6, 7, 7);
WSM(1, 338, 6, 7, 7);
WSM(1, 339, 6, 7, 7);
WSM(1, 340, 6, 7, 7);
WSM(1, 341, 6, 7, 7);
WSM(1, 342, 6, 7, 7);
WSM(1, 343, 6, 7, 7);
WSM(1, 344, 6, 7, 7);
WSM(1, 345, 6, 7, 7);
WSM(1, 346, 6, 7, 7);
WSM(1, 347, 2, 3, 7);
WSM(1, 348, 2, 3, 7);
WSM(1, 349, 2, 3, 7);
WSM(1, 350, 2, 3, 7);
WSM(1, 351, 2, 3, 7);
WSM(1, 352, 2, 3, 7);
WSM(1, 353, 6, 7, 7);
WSM(1, 354, 6, 7, 7);
WSM(1, 355, 6, 7, 7);
WSM(1, 356, 6, 7, 7);
WSM(1, 357, 6, 7, 7);
WSM(1, 358, 6, 7, 7);
WSM(1, 359, 6, 7, 7);