// Dano 1
WBM(4499, 7, 0, 0);
WBM(4502, 7, 0, 0);
WBM(4578, 7, 0, 0);
WBM(4579, 7, 0, 0);
WBM(4580, 7, 0, 0);
WBM(4617, 7, 0, 0);
WBM(4657, 7, 0, 0);
WBM(4658, 7, 7, 0);
WBM(4659, 7, 7, 0);
WBM(4660, 7, 0, 0);
WBM(4694, 7, 0, 0);
WBM(4695, 7, 7, 0);
WBM(4696, 7, 7, 0);
WBM(4697, 7, 0, 0);
WBM(4698, 7, 0, 0);
WBM(4737, 7, 0, 0);
WBM(4738, 7, 7, 0);
WBM(4739, 7, 0, 0);
WBM(4775, 7, 0, 0);
WBM(4776, 7, 0, 0);

// Dano 2
WBM(4383, 7, 0, 0);
WBM(4423, 7, 0, 0);
WBM(4424, 7, 0, 0);
WBM(4425, 7, 0, 0);
WBM(4458, 7, 0, 0);
WBM(4461, 7, 0, 0);
WBM(4462, 7, 0, 0);
WBM(4463, 7, 0, 0);
WBM(4499, 7, 0, 0);
WBM(4502, 7, 0, 0);
WBM(4503, 7, 0, 0);
WBM(4504, 7, 0, 0);
WBM(4536, 7, 0, 0);
WBM(4537, 7, 0, 0);
WBM(4538, 7, 7, 0);
WBM(4543, 7, 0, 0);
WBM(4544, 7, 0, 0);
WBM(4578, 7, 0, 0);
WBM(4579, 7, 0, 0);
WBM(4580, 7, 0, 0);
WBM(4615, 7, 0, 0);
WBM(4616, 7, 0, 0);
WBM(4617, 7, 7, 0);
WBM(4618, 7, 7, 0);
WBM(4619, 7, 7, 0);
WBM(4657, 7, 0, 0);
WBM(4658, 7, 7, 0);
WBM(4659, 7, 7, 0);
WBM(4660, 7, 0, 0);
WBM(4693, 7, 0, 0);
WBM(4694, 7, 7, 0);
WBM(4695, 7, 7, 0);
WBM(4696, 7, 7, 0);
WBM(4697, 7, 7, 0);
WBM(4698, 7, 0, 0);
WBM(4699, 7, 0, 0);
WBM(4700, 7, 0, 0);
WBM(4737, 7, 0, 0);
WBM(4738, 7, 7, 0);
WBM(4739, 7, 0, 0);
WBM(4770, 7, 0, 0);
WBM(4771, 7, 0, 0);
WBM(4772, 7, 0, 0);
WBM(4773, 7, 0, 0);
WBM(4774, 7, 0, 0);
WBM(4775, 7, 0, 0);
WBM(4776, 7, 0, 0);
WBM(4778, 7, 0, 0);
WBM(4779, 7, 0, 0);

// Dano 3
WBM(3640, 7, 0, 0);
WBM(3641, 7, 7, 0);
WBM(3642, 7, 7, 0);
WBM(3643, 7, 0, 0);
WBM(3719, 7, 0, 0);
WBM(3720, 7, 7, 0);
WBM(3721, 7, 7, 0);
WBM(3722, 7, 7, 0);
WBM(3723, 7, 0, 0);
WBM(3724, 7, 7, 0);
WBM(3725, 7, 0, 0);
WBM(3726, 7, 0, 0);
WBM(3798, 7, 0, 0);
WBM(3799, 7, 0, 0);
WBM(3946, 7, 7, 0);
WBM(3947, 7, 7, 0);
WBM(3948, 7, 0, 0);
WBM(4026, 7, 0, 0);
WBM(4027, 7, 0, 0);
WBM(4055, 7, 0, 0);
WBM(4056, 7, 0, 0);
WBM(4144, 7, 0, 0);
WBM(4145, 7, 0, 0);
WBM(4146, 7, 0, 0);
WBM(4147, 7, 0, 0);
WBM(4186, 7, 0, 0);
WBM(4187, 7, 7, 0);
WBM(4217, 7, 0, 0);
WBM(4218, 7, 0, 0);
WBM(4219, 7, 0, 0);
WBM(4224, 7, 0, 0);
WBM(4225, 7, 7, 0);
WBM(4226, 7, 7, 0);
WBM(4227, 7, 0, 0);
WBM(4266, 7, 0, 0);
WBM(4267, 7, 7, 0);
WBM(4269, 7, 0, 0);
WBM(4270, 7, 0, 0);
WBM(4271, 7, 0, 0);
WBM(4298, 7, 0, 0);
WBM(4299, 7, 7, 0);
WBM(4300, 7, 7, 0);
WBM(4301, 7, 0, 0);
WBM(4302, 7, 0, 0);
WBM(4309, 7, 0, 0);
WBM(4344, 7, 0, 0);
WBM(4345, 7, 0, 0);
WBM(4378, 7, 0, 0);
WBM(4379, 7, 7, 0);
WBM(4380, 7, 7, 0);
WBM(4381, 7, 7, 0);
WBM(4382, 7, 7, 0);
WBM(4383, 7, 0, 0);
WBM(4389, 7, 0, 0);
WBM(4390, 7, 0, 0);
WBM(4391, 7, 0, 0);
WBM(4416, 7, 0, 0);
WBM(4423, 7, 7, 0);
WBM(4424, 7, 7, 0);
WBM(4425, 7, 0, 0);
WBM(4458, 7, 0, 0);
WBM(4461, 7, 0, 0);
WBM(4462, 7, 0, 0);
WBM(4463, 7, 0, 0);
WBM(4471, 7, 7, 0);
WBM(4472, 7, 0, 0);
WBM(4495, 7, 0, 0);
WBM(4496, 7, 0, 0);
WBM(4499, 7, 0, 0);
WBM(4502, 7, 0, 0);
WBM(4503, 7, 7, 0);
WBM(4504, 7, 0, 0);
WBM(4536, 7, 0, 0);
WBM(4537, 7, 0, 0);
WBM(4538, 7, 7, 0);
WBM(4543, 7, 0, 0);
WBM(4544, 7, 0, 0);
WBM(4552, 7, 7, 0);
WBM(4553, 7, 7, 0);
WBM(4574, 7, 0, 0);
WBM(4575, 7, 0, 0);
WBM(4578, 7, 0, 0);
WBM(4579, 7, 0, 0);
WBM(4580, 7, 0, 0);
WBM(4615, 7, 0, 0);
WBM(4616, 7, 0, 0);
WBM(4617, 7, 7, 0);
WBM(4618, 7, 7, 0);
WBM(4619, 7, 7, 0);
WBM(4633, 7, 0, 0);
WBM(4634, 7, 0, 0);
WBM(4654, 7, 0, 0);
WBM(4657, 7, 0, 0);
WBM(4658, 7, 7, 0);
WBM(4659, 7, 7, 0);
WBM(4660, 7, 0, 0);
WBM(4693, 7, 0, 0);
WBM(4694, 7, 7, 0);
WBM(4695, 7, 7, 0);
WBM(4696, 7, 7, 0);
WBM(4697, 7, 7, 0);
WBM(4698, 7, 0, 0);
WBM(4699, 7, 0, 0);
WBM(4700, 7, 0, 0);
WBM(4715, 7, 0, 0);
WBM(4716, 7, 0, 0);
WBM(4733, 7, 0, 0);
WBM(4734, 7, 0, 0);
WBM(4737, 7, 0, 0);
WBM(4738, 7, 7, 0);
WBM(4739, 7, 0, 0);
WBM(4752, 7, 0, 0);
WBM(4753, 7, 0, 0);
WBM(4754, 7, 0, 0);
WBM(4755, 7, 0, 0);
WBM(4757, 7, 0, 0);
WBM(4770, 7, 0, 0);
WBM(4771, 7, 0, 0);
WBM(4772, 7, 0, 0);
WBM(4773, 7, 0, 0);
WBM(4774, 7, 0, 0);
WBM(4775, 7, 0, 0);
WBM(4776, 7, 0, 0);
WBM(4778, 7, 0, 0);
WBM(4779, 7, 0, 0);
WBM(4795, 7, 0, 0);
WBM(4796, 7, 7, 0);
WBM(4797, 7, 0, 0);
