WBM(280, 6, 6, 7);
WBM(335, 6, 6, 7);
WBM(385, 6, 6, 7);
WBM(427, 6, 6, 7);
WBM(625, 6, 6, 7);
WBM(633, 6, 6, 7);
WBM(712, 6, 6, 7);
WBM(873, 6, 6, 7);
WBM(913, 6, 6, 7);
WBM(920, 6, 6, 7);
WBM(1049, 6, 6, 7);
WBM(1108, 6, 6, 7);
WBM(1116, 6, 6, 7);
WBM(1135, 7, 0, 0);
WBM(1136, 7, 0, 0);
WBM(1137, 7, 0, 0);
WBM(1141, 7, 0, 0);
WBM(1142, 7, 0, 0);
WBM(1143, 7, 0, 0);
WBM(1146, 7, 0, 0);
WBM(1150, 7, 0, 0);
WBM(1152, 7, 0, 0);
WBM(1153, 7, 0, 0);
WBM(1154, 7, 0, 0);
WBM(1155, 7, 0, 0);
WBM(1162, 7, 0, 0);
WBM(1163, 7, 0, 0);
WBM(1164, 7, 0, 0);
WBM(1167, 7, 0, 0);
WBM(1171, 7, 0, 0);
WBM(1173, 7, 0, 0);
WBM(1174, 7, 0, 0);
WBM(1175, 7, 0, 0);
WBM(1176, 7, 0, 0);
WBM(1178, 7, 0, 0);
WBM(1179, 7, 0, 0);
WBM(1180, 7, 0, 0);
WBM(1214, 7, 0, 0);
WBM(1220, 7, 0, 0);
WBM(1224, 7, 0, 0);
WBM(1226, 7, 0, 0);
WBM(1227, 7, 0, 0);
WBM(1229, 7, 0, 0);
WBM(1230, 7, 0, 0);
WBM(1232, 7, 0, 0);
WBM(1241, 7, 0, 0);
WBM(1245, 7, 0, 0);
WBM(1247, 7, 0, 0);
WBM(1251, 7, 0, 0);
WBM(1253, 7, 0, 0);
WBM(1258, 7, 0, 0);
WBM(1261, 7, 0, 0);
WBM(1294, 7, 0, 0);
WBM(1297, 7, 0, 0);
WBM(1298, 7, 0, 0);
WBM(1300, 7, 0, 0);
WBM(1301, 7, 0, 0);
WBM(1302, 7, 0, 0);
WBM(1303, 7, 0, 0);
WBM(1304, 7, 0, 0);
WBM(1306, 7, 0, 0);
WBM(1308, 7, 0, 0);
WBM(1310, 7, 0, 0);
WBM(1312, 7, 0, 0);
WBM(1313, 7, 0, 0);
WBM(1314, 7, 0, 0);
WBM(1321, 7, 0, 0);
WBM(1325, 7, 0, 0);
WBM(1327, 7, 0, 0);
WBM(1331, 7, 0, 0);
WBM(1333, 7, 0, 0);
WBM(1334, 7, 0, 0);
WBM(1335, 7, 0, 0);
WBM(1338, 7, 0, 0);
WBM(1339, 7, 0, 0);
WBM(1340, 7, 0, 0);
WBM(1374, 7, 0, 0);
WBM(1378, 7, 0, 0);
WBM(1380, 7, 0, 0);
WBM(1384, 7, 0, 0);
WBM(1386, 7, 0, 0);
WBM(1390, 7, 0, 0);
WBM(1392, 7, 0, 0);
WBM(1401, 7, 0, 0);
WBM(1405, 7, 0, 0);
WBM(1408, 7, 0, 0);
WBM(1410, 7, 0, 0);
WBM(1413, 7, 0, 0);
WBM(1418, 7, 0, 0);
WBM(1421, 7, 0, 0);
WBM(1455, 7, 0, 0);
WBM(1456, 7, 0, 0);
WBM(1457, 7, 0, 0);
WBM(1460, 7, 0, 0);
WBM(1464, 7, 0, 0);
WBM(1466, 7, 0, 0);
WBM(1470, 7, 0, 0);
WBM(1472, 7, 0, 0);
WBM(1473, 7, 0, 0);
WBM(1474, 7, 0, 0);
WBM(1475, 7, 0, 0);
WBM(1482, 7, 0, 0);
WBM(1483, 7, 0, 0);
WBM(1484, 7, 0, 0);
WBM(1489, 7, 0, 0);
WBM(1493, 7, 0, 0);
WBM(1494, 7, 0, 0);
WBM(1495, 7, 0, 0);
WBM(1496, 7, 0, 0);
WBM(1498, 7, 0, 0);
WBM(1501, 7, 0, 0);
WBM(1567, 6, 6, 7);
WBM(1832, 6, 6, 7);
WBM(2100, 6, 6, 7);
WBM(2422, 0, 0, 2);
WBM(2423, 0, 0, 2);
WBM(2424, 0, 0, 2);
WBM(2442, 0, 0, 2);
WBM(2443, 0, 0, 2);
WBM(2444, 0, 0, 2);
WBM(2445, 0, 0, 2);
WBM(2446, 0, 0, 2);
WBM(2447, 0, 0, 2);
WBM(2448, 0, 0, 2);
WBM(2449, 0, 0, 2);
WBM(2450, 0, 0, 2);
WBM(2498, 0, 0, 2);
WBM(2499, 0, 0, 2);
WBM(2500, 0, 0, 2);
WBM(2501, 0, 0, 2);
WBM(2502, 0, 0, 2);
WBM(2503, 0, 0, 2);
WBM(2504, 6, 6, 7);
WBM(2507, 6, 6, 7);
WBM(2522, 0, 0, 2);
WBM(2523, 0, 0, 2);
WBM(2524, 0, 0, 2);
WBM(2525, 0, 0, 2);
WBM(2526, 0, 0, 2);
WBM(2527, 0, 0, 2);
WBM(2528, 0, 0, 2);
WBM(2529, 0, 0, 2);
WBM(2530, 0, 0, 2);
WBM(2531, 0, 0, 2);
WBM(2532, 0, 0, 2);
WBM(2533, 0, 0, 2);
WBM(2534, 0, 0, 2);
WBM(2575, 0, 0, 2);
WBM(2576, 0, 0, 2);
WBM(2577, 0, 0, 2);
WBM(2578, 0, 0, 2);
WBM(2579, 6, 6, 7);
WBM(2580, 6, 6, 7);
WBM(2581, 6, 6, 7);
WBM(2582, 6, 6, 7);
WBM(2583, 6, 6, 7);
WBM(2584, 6, 6, 7);
WBM(2602, 0, 0, 2);
WBM(2603, 0, 0, 2);
WBM(2604, 0, 0, 2);
WBM(2605, 0, 0, 2);
WBM(2606, 0, 0, 2);
WBM(2607, 0, 0, 2);
WBM(2608, 0, 0, 2);
WBM(2609, 0, 0, 2);
WBM(2610, 0, 0, 2);
WBM(2611, 0, 0, 2);
WBM(2612, 0, 0, 2);
WBM(2613, 0, 0, 2);
WBM(2614, 0, 0, 2);
WBM(2635, 6, 6, 7);
WBM(2652, 0, 0, 2);
WBM(2653, 0, 0, 2);
WBM(2654, 0, 0, 2);
WBM(2655, 0, 0, 2);
WBM(2656, 0, 0, 2);
WBM(2657, 0, 0, 2);
WBM(2658, 6, 6, 7);
WBM(2659, 6, 6, 7);
WBM(2660, 6, 6, 7);
WBM(2661, 6, 6, 7);
WBM(2662, 6, 6, 7);
WBM(2663, 6, 6, 7);
WBM(2683, 0, 0, 2);
WBM(2684, 0, 0, 2);
WBM(2685, 0, 0, 2);
WBM(2686, 0, 0, 2);
WBM(2687, 0, 0, 2);
WBM(2688, 0, 0, 2);
WBM(2689, 0, 0, 2);
WBM(2690, 0, 0, 2);
WBM(2691, 0, 0, 2);
WBM(2692, 0, 0, 2);
WBM(2693, 0, 0, 2);
WBM(2694, 0, 0, 2);
WBM(2729, 0, 0, 2);
WBM(2730, 0, 0, 2);
WBM(2731, 0, 0, 2);
WBM(2732, 0, 0, 2);
WBM(2733, 0, 0, 2);
WBM(2734, 0, 0, 2);
WBM(2735, 0, 0, 2);
WBM(2736, 6, 6, 7);
WBM(2737, 6, 6, 7);
WBM(2738, 6, 6, 7);
WBM(2739, 6, 6, 7);
WBM(2740, 6, 6, 7);
WBM(2741, 6, 6, 7);
WBM(2742, 6, 6, 7);
WBM(2743, 6, 6, 7);
WBM(2763, 6, 6, 7);
WBM(2764, 6, 6, 7);
WBM(2765, 6, 6, 7);
WBM(2766, 0, 0, 2);
WBM(2767, 0, 0, 2);
WBM(2768, 6, 6, 7);
WBM(2769, 0, 0, 2);
WBM(2770, 0, 0, 2);
WBM(2771, 0, 0, 2);
WBM(2772, 0, 0, 2);
WBM(2773, 0, 0, 2);
WBM(2774, 0, 0, 2);
WBM(2807, 0, 0, 2);
WBM(2808, 0, 0, 2);
WBM(2809, 0, 0, 2);
WBM(2810, 0, 0, 2);
WBM(2811, 0, 0, 2);
WBM(2812, 0, 0, 2);
WBM(2813, 0, 0, 2);
WBM(2814, 0, 0, 2);
WBM(2815, 0, 0, 2);
WBM(2816, 6, 6, 7);
WBM(2817, 6, 6, 7);
WBM(2818, 2, 2, 2);
WBM(2819, 2, 2, 2);
WBM(2820, 2, 2, 2);
WBM(2821, 2, 2, 2);
WBM(2822, 0, 0, 2);
WBM(2843, 0, 0, 2);
WBM(2844, 6, 6, 7);
WBM(2845, 6, 6, 7);
WBM(2846, 6, 6, 7);
WBM(2847, 6, 6, 7);
WBM(2848, 6, 6, 7);
WBM(2849, 6, 6, 7);
WBM(2850, 6, 6, 7);
WBM(2851, 0, 0, 2);
WBM(2852, 0, 0, 2);
WBM(2853, 0, 0, 2);
WBM(2854, 0, 0, 2);
WBM(2862, 0, 0, 2);
WBM(2863, 0, 0, 2);
WBM(2864, 0, 0, 2);
WBM(2885, 0, 0, 2);
WBM(2886, 0, 0, 2);
WBM(2887, 0, 0, 2);
WBM(2888, 0, 0, 2);
WBM(2889, 0, 0, 2);
WBM(2890, 0, 0, 2);
WBM(2891, 0, 0, 2);
WBM(2892, 0, 0, 2);
WBM(2893, 0, 0, 2);
WBM(2894, 0, 0, 2);
WBM(2895, 0, 0, 2);
WBM(2896, 0, 0, 2);
WBM(2897, 0, 0, 2);
WBM(2898, 0, 0, 2);
WBM(2899, 0, 0, 2);
WBM(2900, 0, 0, 2);
WBM(2901, 0, 0, 2);
WBM(2902, 0, 0, 2);
WBM(2923, 6, 6, 7);
WBM(2924, 6, 6, 7);
WBM(2925, 6, 6, 7);
WBM(2926, 6, 6, 7);
WBM(2927, 6, 6, 7);
WBM(2928, 6, 6, 7);
WBM(2929, 6, 6, 7);
WBM(2930, 6, 6, 7);
WBM(2931, 6, 6, 7);
WBM(2932, 6, 6, 7);
WBM(2933, 6, 6, 7);
WBM(2934, 6, 6, 7);
WBM(2942, 0, 0, 2);
WBM(2943, 0, 0, 2);
WBM(2944, 0, 0, 2);
WBM(2945, 0, 0, 2);
WBM(2946, 0, 0, 2);
WBM(2947, 0, 0, 2);
WBM(2963, 0, 0, 2);
WBM(2964, 0, 0, 2);
WBM(2965, 0, 0, 2);
WBM(2966, 0, 0, 2);
WBM(2967, 0, 0, 2);
WBM(2968, 0, 0, 2);
WBM(2969, 0, 0, 2);
WBM(2970, 0, 0, 2);
WBM(2971, 0, 0, 2);
WBM(2972, 0, 0, 2);
WBM(2973, 0, 0, 2);
WBM(2974, 0, 0, 2);
WBM(2975, 0, 0, 2);
WBM(2976, 0, 0, 2);
WBM(2977, 0, 0, 2);
WBM(2978, 0, 0, 2);
WBM(2979, 0, 0, 2);
WBM(2980, 0, 0, 2);
WBM(2981, 0, 0, 2);
WBM(2988, 0, 0, 2);
WBM(2989, 0, 0, 2);
WBM(2990, 0, 0, 2);
WBM(2991, 0, 0, 2);
WBM(2992, 0, 0, 2);
WBM(2993, 0, 0, 2);
WBM(2994, 0, 0, 2);
WBM(2995, 0, 0, 2);
WBM(2996, 0, 0, 2);
WBM(2997, 0, 0, 2);
WBM(3003, 0, 0, 2);
WBM(3004, 6, 6, 7);
WBM(3005, 6, 6, 7);
WBM(3006, 6, 6, 7);
WBM(3007, 6, 6, 7);
WBM(3008, 6, 6, 7);
WBM(3009, 6, 6, 7);
WBM(3010, 6, 6, 7);
WBM(3011, 6, 6, 7);
WBM(3012, 6, 6, 7);
WBM(3013, 6, 6, 7);
WBM(3014, 6, 6, 7);
WBM(3015, 6, 6, 7);
WBM(3022, 0, 0, 2);
WBM(3023, 0, 0, 2);
WBM(3024, 0, 0, 2);
WBM(3025, 0, 0, 2);
WBM(3026, 0, 0, 2);
WBM(3027, 0, 0, 2);
WBM(3028, 0, 0, 2);
WBM(3029, 0, 0, 2);
WBM(3030, 0, 0, 2);
WBM(3044, 0, 0, 2);
WBM(3045, 0, 0, 2);
WBM(3046, 0, 0, 2);
WBM(3047, 0, 0, 2);
WBM(3048, 0, 0, 2);
WBM(3049, 0, 0, 2);
WBM(3050, 0, 0, 2);
WBM(3051, 6, 6, 7);
WBM(3052, 6, 6, 7);
WBM(3053, 0, 0, 2);
WBM(3054, 0, 0, 2);
WBM(3055, 0, 0, 2);
WBM(3056, 0, 0, 2);
WBM(3057, 0, 0, 2);
WBM(3058, 0, 0, 2);
WBM(3059, 0, 0, 2);
WBM(3060, 0, 0, 2);
WBM(3068, 6, 6, 7);
WBM(3069, 6, 6, 7);
WBM(3070, 0, 0, 2);
WBM(3071, 6, 6, 7);
WBM(3072, 0, 0, 2);
WBM(3073, 0, 0, 2);
WBM(3074, 0, 0, 2);
WBM(3075, 0, 0, 2);
WBM(3076, 0, 0, 2);
WBM(3077, 0, 0, 2);
WBM(3083, 6, 6, 7);
WBM(3084, 6, 6, 7);
WBM(3085, 6, 6, 7);
WBM(3086, 6, 6, 7);
WBM(3087, 6, 6, 7);
WBM(3088, 6, 6, 7);
WBM(3089, 6, 6, 7);
WBM(3090, 6, 6, 7);
WBM(3091, 6, 6, 7);
WBM(3092, 6, 6, 7);
WBM(3093, 6, 6, 7);
WBM(3102, 0, 0, 2);
WBM(3103, 0, 0, 2);
WBM(3104, 0, 0, 2);
WBM(3105, 0, 0, 2);
WBM(3106, 0, 0, 2);
WBM(3107, 0, 0, 2);
WBM(3108, 0, 0, 2);
WBM(3109, 0, 0, 2);
WBM(3110, 0, 0, 2);
WBM(3111, 0, 0, 2);
WBM(3112, 0, 0, 2);
WBM(3126, 6, 6, 7);
WBM(3127, 6, 6, 7);
WBM(3128, 6, 6, 7);
WBM(3129, 6, 6, 7);
WBM(3130, 6, 6, 7);
WBM(3131, 6, 6, 7);
WBM(3132, 6, 6, 7);
WBM(3133, 0, 0, 2);
WBM(3134, 0, 0, 2);
WBM(3135, 0, 0, 2);
WBM(3136, 0, 0, 2);
WBM(3137, 0, 0, 2);
WBM(3138, 2, 2, 2);
WBM(3148, 6, 6, 7);
WBM(3149, 6, 6, 7);
WBM(3150, 6, 6, 7);
WBM(3151, 6, 6, 7);
WBM(3152, 0, 0, 2);
WBM(3153, 0, 0, 2);
WBM(3154, 0, 0, 2);
WBM(3155, 0, 0, 2);
WBM(3156, 0, 0, 2);
WBM(3157, 0, 0, 2);
WBM(3163, 6, 6, 7);
WBM(3164, 6, 6, 7);
WBM(3165, 6, 6, 7);
WBM(3166, 6, 6, 7);
WBM(3167, 6, 6, 7);
WBM(3168, 6, 6, 7);
WBM(3169, 6, 6, 7);
WBM(3170, 6, 6, 7);
WBM(3171, 6, 6, 7);
WBM(3182, 2, 2, 2);
WBM(3183, 2, 2, 2);
WBM(3184, 0, 0, 2);
WBM(3185, 0, 0, 2);
WBM(3186, 0, 0, 2);
WBM(3187, 0, 0, 2);
WBM(3188, 0, 0, 2);
WBM(3189, 0, 0, 2);
WBM(3190, 0, 0, 2);
WBM(3191, 0, 0, 2);
WBM(3192, 0, 0, 2);
WBM(3193, 0, 0, 2);
WBM(3194, 0, 0, 2);
WBM(3209, 6, 6, 7);
WBM(3210, 6, 6, 7);
WBM(3211, 2, 2, 2);
WBM(3212, 2, 2, 2);
WBM(3213, 2, 2, 2);
WBM(3214, 2, 2, 2);
WBM(3215, 2, 2, 2);
WBM(3227, 6, 6, 7);
WBM(3228, 6, 6, 7);
WBM(3229, 0, 0, 2);
WBM(3230, 0, 0, 2);
WBM(3231, 0, 0, 2);
WBM(3232, 0, 0, 2);
WBM(3233, 0, 0, 2);
WBM(3234, 0, 0, 2);
WBM(3235, 0, 0, 2);
WBM(3236, 0, 0, 2);
WBM(3237, 6, 6, 7);
WBM(3238, 0, 0, 2);
WBM(3243, 6, 6, 7);
WBM(3244, 6, 6, 7);
WBM(3245, 6, 6, 7);
WBM(3246, 6, 6, 7);
WBM(3247, 6, 6, 7);
WBM(3248, 6, 6, 7);
WBM(3249, 6, 6, 7);
WBM(3263, 6, 6, 7);
WBM(3264, 2, 2, 2);
WBM(3265, 2, 2, 2);
WBM(3266, 0, 0, 2);
WBM(3267, 0, 0, 2);
WBM(3268, 0, 0, 2);
WBM(3269, 0, 0, 2);
WBM(3270, 0, 0, 2);
WBM(3271, 0, 0, 2);
WBM(3272, 0, 0, 2);
WBM(3273, 0, 0, 2);
WBM(3274, 2, 2, 2);
WBM(3275, 0, 0, 2);
WBM(3276, 0, 0, 2);
WBM(3307, 6, 6, 7);
WBM(3308, 0, 0, 2);
WBM(3309, 0, 0, 2);
WBM(3310, 0, 0, 2);
WBM(3311, 0, 0, 2);
WBM(3312, 0, 0, 2);
WBM(3313, 0, 0, 2);
WBM(3314, 0, 0, 2);
WBM(3315, 0, 0, 2);
WBM(3316, 0, 0, 2);
WBM(3317, 6, 6, 7);
WBM(3318, 6, 6, 7);
WBM(3319, 7, 0, 0);
WBM(3320, 7, 0, 0);
WBM(3321, 7, 0, 0);
WBM(3322, 7, 0, 0);
WBM(3323, 7, 0, 0);
WBM(3324, 0, 0, 2);
WBM(3325, 0, 0, 2);
WBM(3326, 0, 0, 2);
WBM(3327, 0, 0, 2);
WBM(3328, 6, 6, 7);
WBM(3343, 6, 6, 7);
WBM(3344, 2, 2, 2);
WBM(3345, 2, 2, 2);
WBM(3346, 2, 2, 2);
WBM(3347, 2, 2, 2);
WBM(3348, 2, 2, 2);
WBM(3349, 2, 2, 2);
WBM(3350, 2, 2, 2);
WBM(3351, 2, 2, 2);
WBM(3352, 2, 2, 2);
WBM(3353, 2, 2, 2);
WBM(3354, 2, 2, 2);
WBM(3355, 2, 2, 2);
WBM(3356, 2, 2, 2);
WBM(3357, 0, 0, 2);
WBM(3386, 0, 0, 2);
WBM(3387, 0, 0, 2);
WBM(3388, 0, 0, 2);
WBM(3389, 0, 0, 2);
WBM(3390, 0, 0, 2);
WBM(3391, 0, 0, 2);
WBM(3392, 0, 0, 2);
WBM(3393, 0, 0, 2);
WBM(3394, 0, 0, 2);
WBM(3395, 0, 0, 2);
WBM(3396, 0, 0, 2);
WBM(3397, 0, 0, 2);
WBM(3398, 0, 0, 2);
WBM(3399, 7, 0, 0);
WBM(3400, 7, 0, 0);
WBM(3401, 7, 0, 0);
WBM(3402, 7, 0, 0);
WBM(3403, 7, 0, 0);
WBM(3404, 7, 0, 0);
WBM(3405, 7, 0, 0);
WBM(3406, 0, 0, 2);
WBM(3407, 0, 0, 2);
WBM(3408, 0, 0, 2);
WBM(3409, 7, 0, 0);
WBM(3410, 7, 0, 0);
WBM(3424, 6, 6, 7);
WBM(3425, 2, 2, 2);
WBM(3426, 2, 2, 2);
WBM(3427, 2, 2, 2);
WBM(3428, 2, 2, 2);
WBM(3429, 2, 2, 2);
WBM(3430, 2, 2, 2);
WBM(3431, 6, 6, 7);
WBM(3432, 6, 6, 7);
WBM(3433, 2, 2, 2);
WBM(3434, 2, 2, 2);
WBM(3435, 2, 2, 2);
WBM(3436, 2, 2, 2);
WBM(3437, 2, 2, 2);
WBM(3438, 2, 2, 2);
WBM(3466, 0, 0, 2);
WBM(3467, 0, 0, 2);
WBM(3468, 0, 0, 2);
WBM(3469, 0, 0, 2);
WBM(3470, 0, 0, 2);
WBM(3471, 0, 0, 2);
WBM(3472, 0, 0, 2);
WBM(3473, 0, 0, 2);
WBM(3474, 0, 0, 2);
WBM(3475, 0, 0, 2);
WBM(3476, 0, 0, 2);
WBM(3477, 0, 0, 2);
WBM(3478, 0, 0, 2);
WBM(3479, 7, 0, 0);
WBM(3480, 7, 0, 0);
WBM(3481, 7, 0, 0);
WBM(3482, 7, 0, 0);
WBM(3483, 7, 0, 0);
WBM(3484, 7, 0, 0);
WBM(3485, 7, 0, 0);
WBM(3486, 7, 0, 0);
WBM(3487, 7, 0, 0);
WBM(3488, 7, 0, 0);
WBM(3489, 7, 0, 0);
WBM(3490, 7, 0, 0);
WBM(3491, 7, 0, 0);
WBM(3492, 7, 0, 0);
WBM(3493, 7, 0, 0);
WBM(3496, 6, 6, 7);
WBM(3497, 6, 6, 7);
WBM(3505, 2, 2, 2);
WBM(3506, 2, 2, 2);
WBM(3507, 2, 2, 2);
WBM(3508, 2, 2, 2);
WBM(3509, 2, 2, 2);
WBM(3510, 2, 2, 2);
WBM(3511, 2, 2, 2);
WBM(3512, 2, 2, 2);
WBM(3513, 6, 6, 7);
WBM(3514, 6, 6, 7);
WBM(3515, 2, 2, 2);
WBM(3516, 2, 2, 2);
WBM(3517, 2, 2, 2);
WBM(3545, 0, 0, 2);
WBM(3546, 0, 0, 2);
WBM(3547, 0, 0, 2);
WBM(3548, 0, 0, 2);
WBM(3549, 0, 0, 2);
WBM(3550, 0, 0, 2);
WBM(3551, 0, 0, 2);
WBM(3552, 0, 0, 2);
WBM(3553, 0, 0, 2);
WBM(3554, 0, 0, 2);
WBM(3555, 6, 6, 7);
WBM(3556, 6, 6, 7);
WBM(3557, 6, 6, 7);
WBM(3558, 6, 6, 7);
WBM(3559, 7, 0, 0);
WBM(3560, 7, 0, 0);
WBM(3561, 7, 0, 0);
WBM(3562, 7, 0, 0);
WBM(3563, 7, 0, 0);
WBM(3564, 7, 0, 0);
WBM(3565, 7, 0, 0);
WBM(3566, 7, 0, 0);
WBM(3567, 7, 0, 0);
WBM(3568, 7, 0, 0);
WBM(3569, 7, 0, 0);
WBM(3570, 7, 0, 0);
WBM(3571, 7, 0, 0);
WBM(3572, 7, 0, 0);
WBM(3573, 7, 0, 0);
WBM(3574, 6, 6, 7);
WBM(3575, 6, 6, 7);
WBM(3576, 6, 6, 7);
WBM(3577, 2, 2, 2);
WBM(3578, 6, 6, 7);
WBM(3586, 6, 6, 7);
WBM(3587, 6, 6, 7);
WBM(3588, 2, 2, 2);
WBM(3589, 2, 2, 2);
WBM(3590, 2, 2, 2);
WBM(3591, 6, 6, 7);
WBM(3592, 6, 6, 7);
WBM(3593, 6, 6, 7);
WBM(3594, 6, 6, 7);
WBM(3595, 6, 6, 7);
WBM(3596, 6, 6, 7);
WBM(3624, 0, 0, 2);
WBM(3625, 0, 0, 2);
WBM(3626, 0, 0, 2);
WBM(3627, 0, 0, 2);
WBM(3628, 0, 0, 2);
WBM(3629, 0, 0, 2);
WBM(3630, 0, 0, 2);
WBM(3631, 0, 0, 2);
WBM(3632, 0, 0, 2);
WBM(3633, 0, 0, 2);
WBM(3634, 0, 0, 2);
WBM(3635, 0, 0, 2);
WBM(3636, 0, 0, 2);
WBM(3637, 0, 0, 2);
WBM(3638, 0, 0, 2);
WBM(3639, 7, 0, 0);
WBM(3640, 7, 0, 0);
WBM(3641, 7, 0, 0);
WBM(3642, 7, 0, 0);
WBM(3643, 7, 0, 0);
WBM(3644, 7, 0, 0);
WBM(3645, 7, 0, 0);
WBM(3646, 7, 0, 0);
WBM(3647, 7, 0, 0);
WBM(3648, 7, 0, 0);
WBM(3649, 7, 0, 0);
WBM(3650, 7, 0, 0);
WBM(3651, 7, 0, 0);
WBM(3652, 0, 0, 2);
WBM(3653, 2, 2, 2);
WBM(3654, 6, 6, 7);
WBM(3655, 6, 6, 7);
WBM(3656, 6, 6, 7);
WBM(3657, 6, 6, 7);
WBM(3658, 2, 2, 2);
WBM(3659, 2, 2, 2);
WBM(3668, 6, 6, 7);
WBM(3669, 6, 6, 7);
WBM(3670, 2, 2, 2);
WBM(3671, 2, 2, 2);
WBM(3672, 6, 6, 7);
WBM(3673, 6, 6, 7);
WBM(3674, 6, 6, 7);
WBM(3702, 7, 0, 0);
WBM(3703, 7, 0, 0);
WBM(3704, 7, 0, 0);
WBM(3705, 2, 2, 2);
WBM(3706, 2, 2, 2);
WBM(3707, 2, 2, 2);
WBM(3708, 0, 0, 2);
WBM(3709, 0, 0, 2);
WBM(3710, 0, 0, 2);
WBM(3711, 0, 0, 2);
WBM(3712, 0, 0, 2);
WBM(3713, 0, 0, 2);
WBM(3714, 0, 0, 2);
WBM(3715, 0, 0, 2);
WBM(3716, 0, 0, 2);
WBM(3717, 6, 6, 7);
WBM(3718, 6, 6, 7);
WBM(3719, 7, 7, 0);
WBM(3720, 7, 7, 0);
WBM(3721, 7, 7, 0);
WBM(3722, 7, 7, 0);
WBM(3723, 7, 7, 0);
WBM(3724, 7, 7, 0);
WBM(3725, 7, 7, 0);
WBM(3726, 7, 0, 0);
WBM(3727, 7, 0, 0);
WBM(3728, 7, 0, 0);
WBM(3729, 7, 0, 0);
WBM(3730, 7, 0, 0);
WBM(3731, 6, 6, 7);
WBM(3732, 6, 6, 7);
WBM(3733, 6, 6, 7);
WBM(3734, 2, 2, 2);
WBM(3735, 2, 2, 2);
WBM(3736, 2, 2, 2);
WBM(3737, 6, 6, 7);
WBM(3738, 6, 6, 7);
WBM(3739, 2, 2, 2);
WBM(3781, 7, 0, 0);
WBM(3782, 7, 0, 0);
WBM(3783, 7, 0, 0);
WBM(3784, 7, 0, 0);
WBM(3785, 7, 0, 0);
WBM(3786, 7, 0, 0);
WBM(3787, 7, 0, 0);
WBM(3788, 7, 0, 0);
WBM(3789, 7, 0, 0);
WBM(3790, 7, 0, 0);
WBM(3791, 7, 0, 0);
WBM(3792, 7, 7, 0);
WBM(3793, 7, 7, 0);
WBM(3794, 7, 7, 0);
WBM(3795, 7, 7, 0);
WBM(3796, 6, 6, 7);
WBM(3797, 6, 6, 7);
WBM(3798, 6, 6, 7);
WBM(3799, 7, 7, 0);
WBM(3800, 7, 7, 0);
WBM(3801, 7, 7, 0);
WBM(3802, 7, 7, 0);
WBM(3803, 7, 7, 0);
WBM(3804, 7, 7, 0);
WBM(3805, 7, 7, 0);
WBM(3806, 7, 7, 0);
WBM(3807, 7, 7, 0);
WBM(3808, 7, 7, 0);
WBM(3809, 7, 0, 0);
WBM(3810, 7, 0, 0);
WBM(3811, 0, 0, 2);
WBM(3812, 6, 6, 7);
WBM(3813, 6, 6, 7);
WBM(3814, 0, 0, 2);
WBM(3815, 0, 0, 2);
WBM(3816, 2, 2, 2);
WBM(3817, 2, 2, 2);
WBM(3818, 2, 2, 2);
WBM(3819, 7, 0, 0);
WBM(3820, 7, 0, 0);
WBM(3847, 0, 0, 2);
WBM(3848, 0, 0, 2);
WBM(3859, 7, 0, 0);
WBM(3860, 7, 0, 0);
WBM(3861, 7, 0, 0);
WBM(3862, 7, 0, 0);
WBM(3863, 7, 0, 0);
WBM(3864, 7, 0, 0);
WBM(3865, 7, 0, 0);
WBM(3866, 7, 0, 0);
WBM(3867, 7, 0, 0);
WBM(3868, 7, 0, 0);
WBM(3869, 7, 7, 0);
WBM(3870, 7, 7, 0);
WBM(3871, 7, 7, 0);
WBM(3872, 7, 7, 0);
WBM(3873, 7, 7, 0);
WBM(3874, 7, 7, 0);
WBM(3875, 7, 7, 0);
WBM(3876, 7, 7, 0);
WBM(3877, 7, 7, 0);
WBM(3878, 0, 0, 2);
WBM(3879, 0, 0, 2);
WBM(3880, 7, 7, 0);
WBM(3881, 7, 7, 0);
WBM(3882, 7, 7, 0);
WBM(3883, 7, 7, 0);
WBM(3884, 7, 7, 0);
WBM(3885, 7, 7, 0);
WBM(3886, 7, 7, 0);
WBM(3887, 7, 7, 0);
WBM(3888, 7, 7, 0);
WBM(3889, 7, 7, 0);
WBM(3890, 7, 7, 0);
WBM(3891, 7, 7, 0);
WBM(3892, 0, 0, 2);
WBM(3893, 0, 0, 2);
WBM(3894, 0, 0, 2);
WBM(3895, 2, 2, 2);
WBM(3896, 2, 2, 2);
WBM(3897, 2, 2, 2);
WBM(3898, 7, 0, 0);
WBM(3899, 7, 0, 0);
WBM(3900, 7, 0, 0);
WBM(3901, 7, 0, 0);
WBM(3902, 7, 0, 0);
WBM(3925, 0, 0, 2);
WBM(3926, 0, 0, 2);
WBM(3927, 0, 0, 2);
WBM(3928, 0, 0, 2);
WBM(3929, 6, 6, 7);
WBM(3930, 6, 6, 7);
WBM(3938, 7, 0, 0);
WBM(3939, 7, 0, 0);
WBM(3940, 7, 0, 0);
WBM(3941, 7, 0, 0);
WBM(3942, 7, 0, 0);
WBM(3943, 7, 0, 0);
WBM(3944, 7, 0, 0);
WBM(3945, 7, 0, 0);
WBM(3946, 7, 0, 0);
WBM(3947, 7, 7, 0);
WBM(3948, 7, 7, 0);
WBM(3949, 7, 7, 0);
WBM(3950, 7, 7, 0);
WBM(3951, 7, 7, 0);
WBM(3952, 7, 7, 0);
WBM(3953, 7, 7, 0);
WBM(3954, 7, 7, 0);
WBM(3955, 7, 7, 0);
WBM(3956, 7, 7, 0);
WBM(3957, 7, 7, 0);
WBM(3958, 7, 7, 0);
WBM(3959, 7, 7, 0);
WBM(3960, 0, 0, 2);
WBM(3961, 0, 0, 2);
WBM(3962, 7, 7, 0);
WBM(3963, 7, 7, 0);
WBM(3964, 7, 7, 0);
WBM(3965, 7, 7, 0);
WBM(3966, 7, 7, 0);
WBM(3967, 7, 7, 0);
WBM(3968, 7, 7, 0);
WBM(3969, 7, 7, 0);
WBM(3970, 7, 7, 0);
WBM(3971, 7, 7, 0);
WBM(3972, 7, 7, 0);
WBM(3973, 7, 7, 0);
WBM(3974, 7, 0, 0);
WBM(3975, 7, 0, 0);
WBM(3976, 7, 0, 0);
WBM(3977, 7, 0, 0);
WBM(3978, 7, 0, 0);
WBM(3979, 7, 0, 0);
WBM(3980, 7, 0, 0);
WBM(3981, 7, 0, 0);
WBM(3982, 7, 0, 0);
WBM(3983, 7, 0, 0);
WBM(4004, 0, 0, 2);
WBM(4005, 0, 0, 2);
WBM(4006, 0, 0, 2);
WBM(4007, 0, 0, 2);
WBM(4008, 6, 6, 7);
WBM(4009, 6, 6, 7);
WBM(4010, 6, 6, 7);
WBM(4011, 6, 6, 7);
WBM(4012, 6, 6, 7);
WBM(4013, 6, 6, 7);
WBM(4017, 7, 0, 0);
WBM(4018, 7, 0, 0);
WBM(4019, 7, 0, 0);
WBM(4020, 7, 0, 0);
WBM(4021, 2, 2, 2);
WBM(4022, 2, 2, 2);
WBM(4023, 2, 2, 2);
WBM(4024, 2, 2, 2);
WBM(4025, 7, 0, 0);
WBM(4026, 7, 7, 0);
WBM(4027, 7, 7, 0);
WBM(4028, 7, 7, 0);
WBM(4029, 7, 7, 0);
WBM(4030, 7, 7, 0);
WBM(4031, 7, 7, 0);
WBM(4032, 7, 7, 0);
WBM(4033, 7, 7, 0);
WBM(4034, 7, 7, 0);
WBM(4035, 7, 7, 0);
WBM(4036, 7, 7, 0);
WBM(4037, 7, 7, 0);
WBM(4038, 7, 7, 0);
WBM(4039, 7, 7, 0);
WBM(4040, 7, 7, 0);
WBM(4041, 7, 7, 0);
WBM(4042, 7, 7, 0);
WBM(4043, 7, 7, 0);
WBM(4044, 7, 7, 0);
WBM(4045, 7, 7, 0);
WBM(4046, 7, 7, 0);
WBM(4047, 7, 7, 0);
WBM(4048, 7, 7, 0);
WBM(4049, 7, 7, 0);
WBM(4050, 7, 7, 0);
WBM(4051, 7, 7, 0);
WBM(4052, 7, 7, 0);
WBM(4053, 7, 7, 0);
WBM(4054, 7, 7, 0);
WBM(4055, 7, 0, 0);
WBM(4056, 7, 0, 0);
WBM(4057, 7, 0, 0);
WBM(4058, 7, 0, 0);
WBM(4059, 7, 0, 0);
WBM(4060, 7, 0, 0);
WBM(4061, 7, 0, 0);
WBM(4062, 7, 0, 0);
WBM(4063, 7, 0, 0);
WBM(4064, 7, 0, 0);
WBM(4086, 0, 0, 2);
WBM(4087, 0, 0, 2);
WBM(4088, 0, 0, 2);
WBM(4089, 6, 6, 7);
WBM(4090, 6, 6, 7);
WBM(4091, 6, 6, 7);
WBM(4092, 6, 6, 7);
WBM(4093, 6, 6, 7);
WBM(4094, 2, 2, 2);
WBM(4095, 2, 2, 2);
WBM(4096, 2, 2, 2);
WBM(4097, 2, 2, 2);
WBM(4098, 2, 2, 2);
WBM(4099, 2, 2, 2);
WBM(4100, 2, 2, 2);
WBM(4101, 2, 2, 2);
WBM(4102, 2, 2, 2);
WBM(4103, 2, 2, 2);
WBM(4104, 2, 2, 2);
WBM(4105, 7, 7, 0);
WBM(4106, 7, 7, 0);
WBM(4107, 7, 7, 0);
WBM(4108, 7, 7, 0);
WBM(4109, 7, 7, 0);
WBM(4110, 7, 7, 0);
WBM(4111, 7, 7, 0);
WBM(4112, 7, 7, 0);
WBM(4113, 7, 7, 0);
WBM(4114, 7, 7, 0);
WBM(4115, 7, 7, 0);
WBM(4116, 7, 7, 0);
WBM(4117, 7, 7, 0);
WBM(4118, 7, 7, 0);
WBM(4119, 7, 7, 0);
WBM(4120, 7, 7, 0);
WBM(4121, 7, 7, 0);
WBM(4122, 7, 7, 0);
WBM(4123, 7, 7, 0);
WBM(4124, 7, 7, 0);
WBM(4125, 7, 7, 0);
WBM(4126, 7, 7, 0);
WBM(4127, 7, 7, 0);
WBM(4128, 7, 7, 0);
WBM(4129, 7, 7, 0);
WBM(4130, 7, 7, 0);
WBM(4131, 7, 7, 0);
WBM(4132, 7, 7, 0);
WBM(4133, 7, 7, 0);
WBM(4134, 7, 7, 0);
WBM(4135, 7, 7, 0);
WBM(4136, 7, 7, 0);
WBM(4137, 7, 0, 0);
WBM(4138, 7, 0, 0);
WBM(4139, 7, 0, 0);
WBM(4140, 7, 0, 0);
WBM(4141, 7, 0, 0);
WBM(4142, 7, 0, 0);
WBM(4143, 7, 0, 0);
WBM(4144, 7, 0, 0);
WBM(4145, 7, 0, 0);
WBM(4167, 2, 2, 2);
WBM(4168, 6, 6, 7);
WBM(4169, 6, 6, 7);
WBM(4170, 6, 6, 7);
WBM(4171, 6, 6, 7);
WBM(4172, 0, 0, 2);
WBM(4173, 0, 0, 2);
WBM(4174, 2, 2, 2);
WBM(4175, 2, 2, 2);
WBM(4176, 2, 2, 2);
WBM(4177, 2, 2, 2);
WBM(4178, 2, 2, 2);
WBM(4179, 2, 2, 2);
WBM(4180, 2, 2, 2);
WBM(4181, 2, 2, 2);
WBM(4182, 2, 2, 2);
WBM(4183, 2, 2, 2);
WBM(4184, 7, 7, 0);
WBM(4185, 7, 7, 0);
WBM(4186, 7, 7, 0);
WBM(4187, 7, 7, 0);
WBM(4188, 7, 7, 0);
WBM(4189, 7, 7, 0);
WBM(4190, 7, 7, 0);
WBM(4191, 7, 7, 0);
WBM(4192, 7, 7, 0);
WBM(4193, 7, 7, 0);
WBM(4194, 7, 7, 0);
WBM(4195, 7, 7, 0);
WBM(4196, 7, 7, 0);
WBM(4197, 7, 7, 0);
WBM(4198, 7, 7, 0);
WBM(4199, 7, 7, 0);
WBM(4200, 7, 7, 0);
WBM(4201, 7, 7, 0);
WBM(4202, 7, 7, 0);
WBM(4203, 7, 7, 0);
WBM(4204, 7, 7, 0);
WBM(4205, 7, 7, 0);
WBM(4206, 7, 7, 0);
WBM(4207, 7, 7, 0);
WBM(4208, 7, 7, 0);
WBM(4209, 7, 7, 0);
WBM(4210, 7, 7, 0);
WBM(4211, 7, 7, 0);
WBM(4212, 7, 7, 0);
WBM(4213, 7, 7, 0);
WBM(4214, 7, 7, 0);
WBM(4215, 7, 7, 0);
WBM(4216, 7, 7, 0);
WBM(4217, 7, 7, 0);
WBM(4218, 7, 0, 0);
WBM(4219, 7, 0, 0);
WBM(4220, 7, 0, 0);
WBM(4221, 7, 0, 0);
WBM(4222, 7, 0, 0);
WBM(4223, 7, 0, 0);
WBM(4224, 7, 0, 0);
WBM(4225, 7, 0, 0);
WBM(4226, 7, 0, 0);
WBM(4249, 6, 6, 7);
WBM(4250, 6, 6, 7);
WBM(4251, 0, 0, 2);
WBM(4252, 0, 0, 2);
WBM(4253, 0, 0, 2);
WBM(4254, 2, 2, 2);
WBM(4255, 2, 2, 2);
WBM(4256, 2, 2, 2);
WBM(4257, 2, 2, 2);
WBM(4258, 2, 2, 2);
WBM(4259, 2, 2, 2);
WBM(4260, 2, 2, 2);
WBM(4261, 2, 2, 2);
WBM(4262, 7, 7, 0);
WBM(4263, 7, 7, 0);
WBM(4264, 7, 7, 0);
WBM(4265, 7, 7, 0);
WBM(4266, 2, 2, 2);
WBM(4267, 2, 2, 2);
WBM(4268, 2, 2, 2);
WBM(4269, 7, 7, 0);
WBM(4270, 7, 7, 0);
WBM(4271, 7, 7, 0);
WBM(4272, 7, 7, 0);
WBM(4273, 7, 7, 0);
WBM(4274, 7, 7, 0);
WBM(4275, 7, 7, 0);
WBM(4276, 7, 7, 0);
WBM(4277, 7, 7, 0);
WBM(4278, 7, 7, 0);
WBM(4279, 7, 7, 0);
WBM(4280, 7, 7, 0);
WBM(4281, 7, 7, 0);
WBM(4282, 7, 7, 0);
WBM(4283, 7, 7, 0);
WBM(4284, 7, 7, 0);
WBM(4285, 7, 7, 0);
WBM(4286, 7, 7, 0);
WBM(4287, 7, 7, 0);
WBM(4288, 7, 7, 0);
WBM(4289, 7, 7, 0);
WBM(4290, 7, 7, 0);
WBM(4291, 7, 7, 0);
WBM(4292, 7, 7, 0);
WBM(4293, 7, 7, 0);
WBM(4294, 7, 7, 0);
WBM(4295, 7, 7, 0);
WBM(4296, 7, 7, 0);
WBM(4297, 7, 7, 0);
WBM(4298, 7, 7, 0);
WBM(4299, 7, 0, 0);
WBM(4300, 7, 0, 0);
WBM(4301, 7, 0, 0);
WBM(4302, 7, 0, 0);
WBM(4303, 7, 0, 0);
WBM(4304, 7, 0, 0);
WBM(4305, 7, 0, 0);
WBM(4306, 7, 0, 0);
WBM(4307, 7, 0, 0);
WBM(4312, 0, 0, 2);
WBM(4331, 0, 0, 2);
WBM(4332, 2, 2, 2);
WBM(4333, 2, 2, 2);
WBM(4334, 2, 2, 2);
WBM(4335, 2, 2, 2);
WBM(4336, 2, 2, 2);
WBM(4337, 2, 2, 2);
WBM(4338, 7, 0, 0);
WBM(4339, 7, 0, 0);
WBM(4340, 7, 0, 0);
WBM(4341, 7, 7, 0);
WBM(4342, 7, 7, 0);
WBM(4343, 7, 7, 0);
WBM(4344, 7, 7, 0);
WBM(4345, 7, 7, 0);
WBM(4346, 7, 7, 0);
WBM(4347, 2, 2, 2);
WBM(4348, 6, 6, 7);
WBM(4349, 6, 6, 7);
WBM(4350, 6, 6, 7);
WBM(4351, 2, 2, 2);
WBM(4352, 0, 0, 2);
WBM(4353, 0, 0, 2);
WBM(4354, 0, 0, 2);
WBM(4355, 0, 0, 2);
WBM(4356, 0, 0, 2);
WBM(4357, 0, 0, 2);
WBM(4358, 0, 0, 2);
WBM(4359, 0, 0, 2);
WBM(4360, 7, 7, 0);
WBM(4361, 7, 7, 0);
WBM(4362, 7, 7, 0);
WBM(4363, 7, 7, 0);
WBM(4364, 7, 7, 0);
WBM(4365, 7, 7, 0);
WBM(4366, 7, 7, 0);
WBM(4367, 7, 7, 0);
WBM(4368, 7, 7, 0);
WBM(4369, 7, 7, 0);
WBM(4370, 7, 7, 0);
WBM(4371, 7, 7, 0);
WBM(4372, 7, 7, 0);
WBM(4373, 7, 7, 0);
WBM(4374, 7, 7, 0);
WBM(4375, 7, 7, 0);
WBM(4376, 7, 7, 0);
WBM(4377, 7, 7, 0);
WBM(4378, 7, 7, 0);
WBM(4379, 7, 7, 0);
WBM(4380, 7, 0, 0);
WBM(4381, 7, 0, 0);
WBM(4382, 7, 0, 0);
WBM(4383, 7, 0, 0);
WBM(4384, 7, 0, 0);
WBM(4385, 7, 0, 0);
WBM(4386, 7, 0, 0);
WBM(4387, 7, 0, 0);
WBM(4388, 7, 0, 0);
WBM(4391, 2, 2, 2);
WBM(4392, 2, 2, 2);
WBM(4393, 0, 0, 2);
WBM(4404, 0, 0, 2);
WBM(4405, 0, 0, 2);
WBM(4406, 0, 0, 2);
WBM(4407, 0, 0, 2);
WBM(4413, 7, 0, 0);
WBM(4414, 7, 0, 0);
WBM(4415, 7, 0, 0);
WBM(4416, 7, 0, 0);
WBM(4417, 7, 0, 0);
WBM(4418, 7, 0, 0);
WBM(4419, 7, 0, 0);
WBM(4420, 7, 7, 0);
WBM(4421, 7, 7, 0);
WBM(4422, 7, 7, 0);
WBM(4423, 7, 7, 0);
WBM(4424, 7, 7, 0);
WBM(4425, 7, 7, 0);
WBM(4426, 7, 7, 0);
WBM(4427, 2, 2, 2);
WBM(4428, 6, 6, 7);
WBM(4429, 6, 6, 7);
WBM(4430, 6, 6, 7);
WBM(4431, 6, 6, 7);
WBM(4432, 6, 6, 7);
WBM(4433, 6, 6, 7);
WBM(4434, 6, 6, 7);
WBM(4435, 0, 0, 2);
WBM(4436, 0, 0, 2);
WBM(4437, 0, 0, 2);
WBM(4438, 0, 0, 2);
WBM(4439, 0, 0, 2);
WBM(4440, 0, 0, 2);
WBM(4441, 0, 0, 2);
WBM(4442, 7, 7, 0);
WBM(4443, 7, 7, 0);
WBM(4444, 7, 7, 0);
WBM(4445, 7, 7, 0);
WBM(4446, 7, 7, 0);
WBM(4447, 7, 7, 0);
WBM(4448, 7, 7, 0);
WBM(4449, 7, 7, 0);
WBM(4450, 7, 7, 0);
WBM(4451, 7, 7, 0);
WBM(4452, 7, 7, 0);
WBM(4453, 7, 7, 0);
WBM(4454, 7, 7, 0);
WBM(4455, 7, 7, 0);
WBM(4456, 7, 7, 0);
WBM(4457, 7, 7, 0);
WBM(4458, 2, 2, 2);
WBM(4459, 7, 7, 0);
WBM(4460, 7, 7, 0);
WBM(4461, 7, 0, 0);
WBM(4462, 7, 0, 0);
WBM(4463, 7, 0, 0);
WBM(4464, 7, 0, 0);
WBM(4465, 7, 0, 0);
WBM(4466, 7, 0, 0);
WBM(4467, 7, 0, 0);
WBM(4468, 7, 0, 0);
WBM(4470, 2, 2, 2);
WBM(4471, 2, 2, 2);
WBM(4472, 2, 2, 2);
WBM(4473, 2, 2, 2);
WBM(4474, 2, 2, 2);
WBM(4475, 0, 0, 2);
WBM(4483, 0, 0, 2);
WBM(4484, 0, 0, 2);
WBM(4485, 0, 0, 2);
WBM(4486, 0, 0, 2);
WBM(4487, 0, 0, 2);
WBM(4488, 0, 0, 2);
WBM(4492, 7, 0, 0);
WBM(4493, 7, 0, 0);
WBM(4494, 7, 0, 0);
WBM(4495, 7, 0, 0);
WBM(4496, 7, 0, 0);
WBM(4497, 7, 0, 0);
WBM(4498, 7, 0, 0);
WBM(4499, 7, 7, 0);
WBM(4500, 7, 7, 0);
WBM(4501, 7, 7, 0);
WBM(4502, 7, 7, 0);
WBM(4503, 7, 7, 0);
WBM(4504, 7, 7, 0);
WBM(4505, 7, 7, 0);
WBM(4506, 6, 6, 7);
WBM(4507, 6, 6, 7);
WBM(4508, 6, 6, 7);
WBM(4509, 6, 6, 7);
WBM(4510, 6, 6, 7);
WBM(4511, 6, 6, 7);
WBM(4512, 6, 6, 7);
WBM(4513, 6, 6, 7);
WBM(4514, 6, 6, 7);
WBM(4515, 6, 6, 7);
WBM(4516, 0, 0, 2);
WBM(4517, 0, 0, 2);
WBM(4518, 0, 0, 2);
WBM(4519, 0, 0, 2);
WBM(4520, 0, 0, 2);
WBM(4521, 0, 0, 2);
WBM(4522, 0, 0, 2);
WBM(4523, 0, 0, 2);
WBM(4524, 7, 7, 0);
WBM(4525, 7, 7, 0);
WBM(4526, 7, 7, 0);
WBM(4527, 7, 7, 0);
WBM(4528, 7, 7, 0);
WBM(4529, 7, 7, 0);
WBM(4530, 7, 7, 0);
WBM(4531, 7, 7, 0);
WBM(4532, 7, 7, 0);
WBM(4533, 7, 7, 0);
WBM(4534, 7, 7, 0);
WBM(4535, 7, 7, 0);
WBM(4536, 7, 7, 0);
WBM(4537, 2, 2, 2);
WBM(4538, 2, 2, 2);
WBM(4539, 6, 6, 7);
WBM(4540, 6, 6, 7);
WBM(4541, 7, 7, 0);
WBM(4542, 7, 0, 0);
WBM(4543, 7, 0, 0);
WBM(4544, 7, 0, 0);
WBM(4545, 7, 0, 0);
WBM(4546, 7, 0, 0);
WBM(4547, 7, 0, 0);
WBM(4548, 6, 6, 7);
WBM(4549, 6, 6, 7);
WBM(4550, 6, 6, 7);
WBM(4551, 6, 6, 7);
WBM(4552, 2, 2, 2);
WBM(4553, 2, 2, 2);
WBM(4554, 2, 2, 2);
WBM(4555, 2, 2, 2);
WBM(4556, 0, 0, 2);
WBM(4562, 0, 0, 2);
WBM(4563, 0, 0, 2);
WBM(4564, 0, 0, 2);
WBM(4565, 0, 0, 2);
WBM(4566, 0, 0, 2);
WBM(4567, 0, 0, 2);
WBM(4568, 6, 6, 7);
WBM(4569, 2, 2, 2);
WBM(4570, 6, 6, 7);
WBM(4571, 7, 0, 0);
WBM(4572, 7, 0, 0);
WBM(4573, 7, 0, 0);
WBM(4574, 7, 0, 0);
WBM(4575, 7, 0, 0);
WBM(4576, 7, 0, 0);
WBM(4577, 7, 0, 0);
WBM(4578, 7, 0, 0);
WBM(4579, 7, 7, 0);
WBM(4580, 7, 7, 0);
WBM(4581, 7, 7, 0);
WBM(4582, 7, 7, 0);
WBM(4583, 7, 7, 0);
WBM(4584, 2, 2, 2);
WBM(4585, 6, 6, 7);
WBM(4586, 6, 6, 7);
WBM(4587, 6, 6, 7);
WBM(4588, 6, 6, 7);
WBM(4589, 6, 6, 7);
WBM(4590, 6, 6, 7);
WBM(4591, 6, 6, 7);
WBM(4592, 6, 6, 7);
WBM(4593, 6, 6, 7);
WBM(4594, 6, 6, 7);
WBM(4595, 6, 6, 7);
WBM(4596, 6, 6, 7);
WBM(4597, 6, 6, 7);
WBM(4598, 6, 6, 7);
WBM(4599, 6, 6, 7);
WBM(4600, 0, 0, 2);
WBM(4601, 0, 0, 2);
WBM(4602, 0, 0, 2);
WBM(4603, 0, 0, 2);
WBM(4604, 0, 0, 2);
WBM(4605, 0, 0, 2);
WBM(4606, 0, 0, 2);
WBM(4607, 0, 0, 2);
WBM(4608, 0, 0, 2);
WBM(4609, 0, 0, 2);
WBM(4610, 7, 7, 0);
WBM(4611, 7, 7, 0);
WBM(4612, 7, 7, 0);
WBM(4613, 7, 7, 0);
WBM(4614, 7, 7, 0);
WBM(4615, 7, 7, 0);
WBM(4616, 2, 2, 2);
WBM(4617, 2, 2, 2);
WBM(4618, 2, 2, 2);
WBM(4619, 2, 2, 2);
WBM(4620, 6, 6, 7);
WBM(4621, 6, 6, 7);
WBM(4622, 6, 6, 7);
WBM(4623, 6, 6, 7);
WBM(4624, 6, 6, 7);
WBM(4625, 6, 6, 7);
WBM(4626, 2, 2, 2);
WBM(4627, 6, 6, 7);
WBM(4628, 6, 6, 7);
WBM(4629, 6, 6, 7);
WBM(4630, 6, 6, 7);
WBM(4631, 6, 6, 7);
WBM(4632, 6, 6, 7);
WBM(4633, 2, 2, 2);
WBM(4634, 2, 2, 2);
WBM(4635, 2, 2, 2);
WBM(4636, 0, 0, 2);
WBM(4637, 0, 0, 2);
WBM(4641, 0, 0, 2);
WBM(4642, 0, 0, 2);
WBM(4643, 0, 0, 2);
WBM(4644, 0, 0, 2);
WBM(4645, 0, 0, 2);
WBM(4646, 0, 0, 2);
WBM(4647, 0, 0, 2);
WBM(4648, 6, 6, 7);
WBM(4649, 6, 6, 7);
WBM(4650, 0, 0, 2);
WBM(4651, 0, 0, 2);
WBM(4652, 0, 0, 2);
WBM(4653, 7, 0, 0);
WBM(4654, 7, 0, 0);
WBM(4655, 7, 0, 0);
WBM(4656, 7, 0, 0);
WBM(4657, 7, 0, 0);
WBM(4658, 7, 7, 0);
WBM(4659, 7, 7, 0);
WBM(4660, 2, 2, 2);
WBM(4661, 2, 2, 2);
WBM(4662, 6, 6, 7);
WBM(4663, 6, 6, 7);
WBM(4664, 6, 6, 7);
WBM(4665, 6, 6, 7);
WBM(4666, 6, 6, 7);
WBM(4667, 6, 6, 7);
WBM(4668, 6, 6, 7);
WBM(4669, 6, 6, 7);
WBM(4670, 6, 6, 7);
WBM(4671, 6, 6, 7);
WBM(4672, 6, 6, 7);
WBM(4673, 6, 6, 7);
WBM(4674, 6, 6, 7);
WBM(4675, 6, 6, 7);
WBM(4676, 6, 6, 7);
WBM(4677, 0, 0, 2);
WBM(4678, 0, 0, 2);
WBM(4679, 0, 0, 2);
WBM(4680, 0, 0, 2);
WBM(4681, 0, 0, 2);
WBM(4682, 0, 0, 2);
WBM(4683, 0, 0, 2);
WBM(4684, 0, 0, 2);
WBM(4685, 0, 0, 2);
WBM(4686, 0, 0, 2);
WBM(4687, 0, 0, 2);
WBM(4688, 0, 0, 2);
WBM(4689, 2, 2, 2);
WBM(4690, 2, 2, 2);
WBM(4691, 2, 2, 2);
WBM(4692, 2, 2, 2);
WBM(4693, 2, 2, 2);
WBM(4694, 2, 2, 2);
WBM(4695, 2, 2, 2);
WBM(4696, 2, 2, 2);
WBM(4697, 2, 2, 2);
WBM(4698, 2, 2, 2);
WBM(4699, 2, 2, 2);
WBM(4700, 2, 2, 2);
WBM(4701, 2, 2, 2);
WBM(4702, 6, 6, 7);
WBM(4703, 6, 6, 7);
WBM(4704, 6, 6, 7);
WBM(4705, 6, 6, 7);
WBM(4706, 6, 6, 7);
WBM(4707, 6, 6, 7);
WBM(4708, 6, 6, 7);
WBM(4709, 6, 6, 7);
WBM(4710, 6, 6, 7);
WBM(4711, 6, 6, 7);
WBM(4712, 6, 6, 7);
WBM(4713, 6, 6, 7);
WBM(4714, 2, 2, 2);
WBM(4715, 2, 2, 2);
WBM(4716, 0, 0, 2);
WBM(4717, 0, 0, 2);
WBM(4718, 0, 0, 2);
WBM(4720, 0, 0, 2);
WBM(4721, 0, 0, 2);
WBM(4722, 0, 0, 2);
WBM(4723, 0, 0, 2);
WBM(4724, 0, 0, 2);
WBM(4725, 0, 0, 2);
WBM(4726, 0, 0, 2);
WBM(4727, 0, 0, 2);
WBM(4728, 0, 0, 2);
WBM(4729, 0, 0, 2);
WBM(4730, 0, 0, 2);
WBM(4731, 0, 0, 2);
WBM(4732, 2, 2, 2);
WBM(4733, 2, 2, 2);
WBM(4734, 2, 2, 2);
WBM(4735, 2, 2, 2);
WBM(4736, 2, 2, 2);
WBM(4737, 2, 2, 2);
WBM(4738, 2, 2, 2);
WBM(4739, 2, 2, 2);
WBM(4740, 2, 2, 2);
WBM(4741, 2, 2, 2);
WBM(4742, 2, 2, 2);
WBM(4743, 2, 2, 2);
WBM(4744, 2, 2, 2);
WBM(4745, 6, 6, 7);
WBM(4746, 6, 6, 7);
WBM(4747, 6, 6, 7);
WBM(4748, 6, 6, 7);
WBM(4749, 2, 2, 2);
WBM(4750, 2, 2, 2);
WBM(4751, 2, 2, 2);
WBM(4752, 2, 2, 2);
WBM(4753, 2, 2, 2);
WBM(4754, 2, 2, 2);
WBM(4755, 2, 2, 2);
WBM(4756, 0, 0, 2);
WBM(4757, 0, 0, 2);
WBM(4758, 0, 0, 2);
WBM(4759, 0, 0, 2);
WBM(4760, 0, 0, 2);
WBM(4761, 0, 0, 2);
WBM(4762, 0, 0, 2);
WBM(4763, 0, 0, 2);
WBM(4764, 0, 0, 2);
WBM(4765, 0, 0, 2);
WBM(4766, 0, 0, 2);
WBM(4767, 0, 0, 2);
WBM(4768, 2, 2, 2);
WBM(4769, 2, 2, 2);
WBM(4770, 2, 2, 2);
WBM(4771, 2, 2, 2);
WBM(4772, 2, 2, 2);
WBM(4773, 2, 2, 2);
WBM(4774, 2, 2, 2);
WBM(4775, 2, 2, 2);
WBM(4776, 2, 2, 2);
WBM(4777, 2, 2, 2);
WBM(4778, 2, 2, 2);
WBM(4779, 2, 2, 2);
WBM(4780, 2, 2, 2);
WBM(4781, 2, 2, 2);
WBM(4782, 2, 2, 2);
WBM(4783, 2, 2, 2);
WBM(4784, 2, 2, 2);
WBM(4785, 6, 6, 7);
WBM(4786, 6, 6, 7);
WBM(4787, 6, 6, 7);
WBM(4788, 6, 6, 7);
WBM(4789, 6, 6, 7);
WBM(4790, 6, 6, 7);
WBM(4791, 6, 6, 7);
WBM(4792, 6, 6, 7);
WBM(4793, 6, 6, 7);
WBM(4794, 2, 2, 2);
WBM(4795, 2, 2, 2);
WBM(4796, 0, 0, 2);
WBM(4797, 0, 0, 2);
WBM(4798, 0, 0, 2);
WBM(4799, 0, 0, 2);
