WSM(2, 0, 6, 7, 7);
WSM(2, 1, 6, 7, 7);
WSM(2, 2, 6, 7, 7);
WSM(2, 3, 6, 7, 7);
WSM(2, 4, 6, 7, 7);
WSM(2, 5, 6, 7, 7);
WSM(2, 6, 6, 7, 7);
WSM(2, 7, 6, 7, 7);
WSM(2, 8, 6, 7, 7);
WSM(2, 9, 7, 0, 0);
WSM(2, 10, 7, 0, 0);
WSM(2, 11, 6, 7, 7);
WSM(2, 12, 6, 7, 7);
WSM(2, 13, 6, 7, 7);
WSM(2, 14, 6, 7, 7);
WSM(2, 15, 6, 7, 7);
WSM(2, 16, 6, 7, 7);
WSM(2, 17, 6, 7, 7);
WSM(2, 18, 6, 7, 7);
WSM(2, 19, 6, 7, 7);
WSM(2, 20, 6, 7, 7);
WSM(2, 21, 6, 7, 7);
WSM(2, 22, 6, 7, 7);
WSM(2, 23, 6, 7, 7);
WSM(2, 24, 6, 7, 7);
WSM(2, 25, 6, 7, 7);
WSM(2, 26, 6, 7, 7);
WSM(2, 27, 6, 7, 7);
WSM(2, 28, 7, 0, 0);
WSM(2, 29, 7, 7, 0);
WSM(2, 30, 7, 7, 0);
WSM(2, 31, 7, 0, 0);
WSM(2, 32, 6, 7, 7);
WSM(2, 33, 6, 7, 7);
WSM(2, 34, 6, 7, 7);
WSM(2, 35, 6, 7, 7);
WSM(2, 36, 6, 7, 7);
WSM(2, 37, 6, 7, 7);
WSM(2, 38, 6, 7, 7);
WSM(2, 39, 6, 7, 7);
WSM(2, 40, 6, 7, 7);
WSM(2, 41, 6, 7, 7);
WSM(2, 42, 6, 7, 7);
WSM(2, 43, 6, 7, 7);
WSM(2, 44, 6, 7, 7);
WSM(2, 45, 6, 7, 7);
WSM(2, 46, 6, 7, 7);
WSM(2, 47, 6, 7, 7);
WSM(2, 48, 7, 0, 0);
WSM(2, 49, 7, 7, 0);
WSM(2, 50, 7, 7, 0);
WSM(2, 51, 7, 0, 0);
WSM(2, 52, 6, 7, 7);
WSM(2, 53, 6, 7, 7);
WSM(2, 54, 6, 7, 7);
WSM(2, 55, 6, 7, 7);
WSM(2, 56, 6, 7, 7);
WSM(2, 57, 6, 7, 7);
WSM(2, 58, 6, 7, 7);
WSM(2, 59, 6, 7, 7);
WSM(2, 60, 6, 7, 7);
WSM(2, 61, 6, 7, 7);
WSM(2, 62, 6, 7, 7);
WSM(2, 63, 6, 7, 7);
WSM(2, 64, 6, 7, 7);
WSM(2, 65, 6, 7, 7);
WSM(2, 66, 6, 7, 7);
WSM(2, 67, 6, 7, 7);
WSM(2, 68, 7, 0, 0);
WSM(2, 69, 7, 7, 0);
WSM(2, 70, 7, 7, 0);
WSM(2, 71, 7, 0, 0);
WSM(2, 72, 6, 7, 7);
WSM(2, 73, 6, 7, 7);
WSM(2, 74, 6, 7, 7);
WSM(2, 75, 6, 7, 7);
WSM(2, 76, 6, 7, 7);
WSM(2, 77, 6, 7, 7);
WSM(2, 78, 6, 7, 7);
WSM(2, 79, 6, 7, 7);
WSM(2, 80, 6, 7, 7);
WSM(2, 81, 6, 7, 7);
WSM(2, 82, 6, 7, 7);
WSM(2, 83, 6, 7, 7);
WSM(2, 84, 6, 7, 7);
WSM(2, 85, 6, 7, 7);
WSM(2, 86, 6, 7, 7);
WSM(2, 87, 6, 7, 7);
WSM(2, 88, 7, 0, 0);
WSM(2, 89, 7, 7, 0);
WSM(2, 90, 7, 7, 0);
WSM(2, 91, 7, 0, 0);
WSM(2, 92, 6, 7, 7);
WSM(2, 93, 6, 7, 7);
WSM(2, 94, 6, 7, 7);
WSM(2, 95, 6, 7, 7);
WSM(2, 96, 6, 7, 7);
WSM(2, 97, 6, 7, 7);
WSM(2, 98, 6, 7, 7);
WSM(2, 99, 6, 7, 7);
WSM(2, 100, 6, 7, 7);
WSM(2, 101, 6, 7, 7);
WSM(2, 102, 6, 7, 7);
WSM(2, 103, 6, 7, 7);
WSM(2, 104, 6, 7, 7);
WSM(2, 105, 6, 7, 7);
WSM(2, 106, 6, 7, 7);
WSM(2, 107, 6, 7, 7);
WSM(2, 108, 7, 0, 0);
WSM(2, 109, 7, 7, 0);
WSM(2, 110, 7, 7, 0);
WSM(2, 111, 7, 0, 0);
WSM(2, 112, 6, 7, 7);
WSM(2, 113, 6, 7, 7);
WSM(2, 114, 6, 7, 7);
WSM(2, 115, 6, 7, 7);
WSM(2, 116, 6, 7, 7);
WSM(2, 117, 6, 7, 7);
WSM(2, 118, 6, 7, 7);
WSM(2, 119, 6, 7, 7);
WSM(2, 120, 6, 7, 7);
WSM(2, 121, 6, 7, 7);
WSM(2, 122, 6, 7, 7);
WSM(2, 123, 6, 7, 7);
WSM(2, 124, 6, 7, 7);
WSM(2, 125, 6, 7, 7);
WSM(2, 126, 6, 7, 7);
WSM(2, 127, 6, 7, 7);
WSM(2, 128, 7, 0, 0);
WSM(2, 129, 7, 7, 0);
WSM(2, 130, 7, 7, 0);
WSM(2, 131, 7, 0, 0);
WSM(2, 132, 6, 7, 7);
WSM(2, 133, 6, 7, 7);
WSM(2, 134, 6, 7, 7);
WSM(2, 135, 6, 7, 7);
WSM(2, 136, 6, 7, 7);
WSM(2, 137, 6, 7, 7);
WSM(2, 138, 6, 7, 7);
WSM(2, 139, 6, 7, 7);
WSM(2, 140, 6, 7, 7);
WSM(2, 141, 6, 7, 7);
WSM(2, 142, 6, 7, 7);
WSM(2, 143, 6, 7, 7);
WSM(2, 144, 6, 7, 7);
WSM(2, 145, 6, 7, 7);
WSM(2, 146, 6, 7, 7);
WSM(2, 147, 6, 7, 7);
WSM(2, 148, 7, 0, 0);
WSM(2, 149, 7, 7, 0);
WSM(2, 150, 7, 7, 0);
WSM(2, 151, 7, 0, 0);
WSM(2, 152, 6, 7, 7);
WSM(2, 153, 6, 7, 7);
WSM(2, 154, 6, 7, 7);
WSM(2, 155, 6, 7, 7);
WSM(2, 156, 6, 7, 7);
WSM(2, 157, 6, 7, 7);
WSM(2, 158, 6, 7, 7);
WSM(2, 159, 6, 7, 7);
WSM(2, 160, 6, 7, 7);
WSM(2, 161, 6, 7, 7);
WSM(2, 162, 6, 7, 7);
WSM(2, 163, 6, 7, 7);
WSM(2, 164, 6, 7, 7);
WSM(2, 165, 6, 7, 7);
WSM(2, 166, 6, 7, 7);
WSM(2, 167, 6, 7, 7);
WSM(2, 168, 7, 0, 0);
WSM(2, 169, 7, 7, 0);
WSM(2, 170, 7, 7, 0);
WSM(2, 171, 7, 0, 0);
WSM(2, 172, 6, 7, 7);
WSM(2, 173, 6, 7, 7);
WSM(2, 174, 6, 7, 7);
WSM(2, 175, 6, 7, 7);
WSM(2, 176, 6, 7, 7);
WSM(2, 177, 6, 7, 7);
WSM(2, 178, 6, 7, 7);
WSM(2, 179, 6, 7, 7);
WSM(2, 180, 6, 7, 7);
WSM(2, 181, 6, 7, 7);
WSM(2, 182, 6, 7, 7);
WSM(2, 183, 6, 7, 7);
WSM(2, 184, 6, 7, 7);
WSM(2, 185, 6, 7, 7);
WSM(2, 186, 6, 7, 7);
WSM(2, 187, 6, 7, 7);
WSM(2, 188, 7, 0, 0);
WSM(2, 189, 7, 7, 0);
WSM(2, 190, 7, 7, 0);
WSM(2, 191, 7, 0, 0);
WSM(2, 192, 6, 7, 7);
WSM(2, 193, 6, 7, 7);
WSM(2, 194, 6, 7, 7);
WSM(2, 195, 6, 7, 7);
WSM(2, 196, 6, 7, 7);
WSM(2, 197, 6, 7, 7);
WSM(2, 198, 6, 7, 7);
WSM(2, 199, 6, 7, 7);
WSM(2, 200, 6, 7, 7);
WSM(2, 201, 6, 7, 7);
WSM(2, 202, 6, 7, 7);
WSM(2, 203, 6, 7, 7);
WSM(2, 204, 6, 7, 7);
WSM(2, 205, 6, 7, 7);
WSM(2, 206, 6, 7, 7);
WSM(2, 207, 6, 7, 7);
WSM(2, 208, 7, 0, 0);
WSM(2, 209, 7, 7, 0);
WSM(2, 210, 7, 7, 0);
WSM(2, 211, 7, 0, 0);
WSM(2, 212, 6, 7, 7);
WSM(2, 213, 6, 7, 7);
WSM(2, 214, 6, 7, 7);
WSM(2, 215, 6, 7, 7);
WSM(2, 216, 6, 7, 7);
WSM(2, 217, 6, 7, 7);
WSM(2, 218, 6, 7, 7);
WSM(2, 219, 6, 7, 7);
WSM(2, 220, 6, 7, 7);
WSM(2, 221, 6, 7, 7);
WSM(2, 222, 6, 7, 7);
WSM(2, 223, 6, 7, 7);
WSM(2, 224, 6, 7, 7);
WSM(2, 225, 6, 7, 7);
WSM(2, 226, 6, 7, 7);
WSM(2, 227, 6, 7, 7);
WSM(2, 228, 7, 0, 0);
WSM(2, 229, 7, 7, 0);
WSM(2, 230, 7, 7, 0);
WSM(2, 231, 7, 0, 0);
WSM(2, 232, 6, 7, 7);
WSM(2, 233, 6, 7, 7);
WSM(2, 234, 6, 7, 7);
WSM(2, 235, 6, 7, 7);
WSM(2, 236, 6, 7, 7);
WSM(2, 237, 6, 7, 7);
WSM(2, 238, 6, 7, 7);
WSM(2, 239, 6, 7, 7);
WSM(2, 240, 6, 7, 7);
WSM(2, 241, 6, 7, 7);
WSM(2, 242, 6, 7, 7);
WSM(2, 243, 6, 7, 7);
WSM(2, 244, 6, 7, 7);
WSM(2, 245, 6, 7, 7);
WSM(2, 246, 6, 7, 7);
WSM(2, 247, 6, 7, 7);
WSM(2, 248, 7, 0, 0);
WSM(2, 249, 7, 7, 0);
WSM(2, 250, 7, 7, 0);
WSM(2, 251, 7, 0, 0);
WSM(2, 252, 6, 7, 7);
WSM(2, 253, 6, 7, 7);
WSM(2, 254, 6, 7, 7);
WSM(2, 255, 6, 7, 7);
WSM(2, 256, 6, 7, 7);
WSM(2, 257, 6, 7, 7);
WSM(2, 258, 6, 7, 7);
WSM(2, 259, 6, 7, 7);
WSM(2, 260, 6, 7, 7);
WSM(2, 261, 6, 7, 7);
WSM(2, 262, 6, 7, 7);
WSM(2, 263, 6, 7, 7);
WSM(2, 264, 6, 7, 7);
WSM(2, 265, 6, 7, 7);
WSM(2, 266, 6, 7, 7);
WSM(2, 267, 6, 7, 7);
WSM(2, 268, 7, 0, 0);
WSM(2, 269, 7, 7, 0);
WSM(2, 270, 7, 7, 0);
WSM(2, 271, 7, 0, 0);
WSM(2, 272, 6, 7, 7);
WSM(2, 273, 6, 7, 7);
WSM(2, 274, 6, 7, 7);
WSM(2, 275, 6, 7, 7);
WSM(2, 276, 6, 7, 7);
WSM(2, 277, 6, 7, 7);
WSM(2, 278, 6, 7, 7);
WSM(2, 279, 6, 7, 7);
WSM(2, 280, 6, 7, 7);
WSM(2, 281, 6, 7, 7);
WSM(2, 282, 6, 7, 7);
WSM(2, 283, 6, 7, 7);
WSM(2, 284, 6, 7, 7);
WSM(2, 285, 6, 7, 7);
WSM(2, 286, 6, 7, 7);
WSM(2, 287, 6, 7, 7);
WSM(2, 288, 7, 0, 0);
WSM(2, 289, 7, 7, 0);
WSM(2, 290, 7, 7, 0);
WSM(2, 291, 7, 0, 0);
WSM(2, 292, 6, 7, 7);
WSM(2, 293, 6, 7, 7);
WSM(2, 294, 6, 7, 7);
WSM(2, 295, 6, 7, 7);
WSM(2, 296, 6, 7, 7);
WSM(2, 297, 6, 7, 7);
WSM(2, 298, 6, 7, 7);
WSM(2, 299, 6, 7, 7);
WSM(2, 300, 6, 7, 7);
WSM(2, 301, 6, 7, 7);
WSM(2, 302, 6, 7, 7);
WSM(2, 303, 6, 7, 7);
WSM(2, 304, 6, 7, 7);
WSM(2, 305, 6, 7, 7);
WSM(2, 306, 6, 7, 7);
WSM(2, 307, 6, 7, 7);
WSM(2, 308, 7, 0, 0);
WSM(2, 309, 7, 7, 0);
WSM(2, 310, 7, 7, 0);
WSM(2, 311, 7, 0, 0);
WSM(2, 312, 6, 7, 7);
WSM(2, 313, 6, 7, 7);
WSM(2, 314, 6, 7, 7);
WSM(2, 315, 6, 7, 7);
WSM(2, 316, 6, 7, 7);
WSM(2, 317, 6, 7, 7);
WSM(2, 318, 6, 7, 7);
WSM(2, 319, 6, 7, 7);
WSM(2, 320, 6, 7, 7);
WSM(2, 321, 6, 7, 7);
WSM(2, 322, 6, 7, 7);
WSM(2, 323, 6, 7, 7);
WSM(2, 324, 6, 7, 7);
WSM(2, 325, 6, 7, 7);
WSM(2, 326, 6, 7, 7);
WSM(2, 327, 6, 7, 7);
WSM(2, 328, 7, 0, 0);
WSM(2, 329, 7, 7, 0);
WSM(2, 330, 7, 7, 0);
WSM(2, 331, 7, 0, 0);
WSM(2, 332, 6, 7, 7);
WSM(2, 333, 6, 7, 7);
WSM(2, 334, 6, 7, 7);
WSM(2, 335, 6, 7, 7);
WSM(2, 336, 6, 7, 7);
WSM(2, 337, 6, 7, 7);
WSM(2, 338, 6, 7, 7);
WSM(2, 339, 6, 7, 7);
WSM(2, 340, 6, 7, 7);
WSM(2, 341, 6, 7, 7);
WSM(2, 342, 6, 7, 7);
WSM(2, 343, 6, 7, 7);
WSM(2, 344, 6, 7, 7);
WSM(2, 345, 6, 7, 7);
WSM(2, 346, 6, 7, 7);
WSM(2, 347, 6, 7, 7);
WSM(2, 348, 6, 7, 7);
WSM(2, 349, 7, 0, 0);
WSM(2, 350, 7, 0, 0);
WSM(2, 351, 6, 7, 7);
WSM(2, 352, 6, 7, 7);
WSM(2, 353, 6, 7, 7);
WSM(2, 354, 6, 7, 7);
WSM(2, 355, 6, 7, 7);
WSM(2, 356, 6, 7, 7);
WSM(2, 357, 6, 7, 7);
WSM(2, 358, 6, 7, 7);
WSM(2, 359, 6, 7, 7);
